1554733878.83	UDP	28	0	2	3
1554732619.64	UDP	28	0	5	0
1554735240.38	UDP	28	0	4	4
1554733658.17	UDP	28	0	0	4
1554733539.99	UDP	28	0	6	3
1554733408.8	UDP	28	0	0	2
1554733874.87	UDP	28	0	3	2
1554734700.73	UDP	28	0	6	3
1554733871.26	UDP	28	0	5	4
1554734948.07	UDP	28	0	0	2
1554735234.8	UDP	28	0	6	2
1554733403.59	UDP	28	0	6	0
1554734706.46	UDP	28	0	2	3
1554733390.99	UDP	28	0	2	3
1554734950.97	UDP	28	0	5	2
1554734940.11	UDP	28	0	1	3
1554732619.21	UDP	28	0	6	1
1554733871.53	UDP	28	0	5	2
1554733522.22	UDP	28	0	1	0
1554733871.75	UDP	28	0	6	2
1554733854.12	UDP	28	0	2	0
1554732619.42	UDP	28	0	1	3
1554733866.77	UDP	28	0	4	3
1554734700.45	UDP	28	0	1	0
1554735235.52	UDP	28	0	0	3
1554732620.68	UDP	28	0	6	3
1554733879.16	UDP	28	0	0	2
1554734948.12	UDP	28	0	3	3
1554732743.63	UDP	28	0	0	2
1554735225.16	UDP	28	0	5	4
1554733866.99	UDP	28	0	6	3
1554733397.48	UDP	28	0	1	4
1554733657.66	UDP	28	0	3	2
1554734948.01	UDP	28	0	3	4
1554732733.69	UDP	28	0	6	4
1554734947.94	UDP	28	0	1	0
1554734944.94	UDP	28	0	2	3
1554733878.94	UDP	28	0	6	4
1554735235.22	UDP	28	0	1	0
1554733403.26	UDP	28	0	6	1
1554733871.65	UDP	28	0	1	3
1554733404.73	UDP	28	0	0	1
1554735225.49	UDP	28	0	1	0
1554733900.03	UDP	28	0	3	4
1554733526.37	UDP	28	0	2	4
1554734700.06	UDP	28	0	2	3
1554732739.53	UDP	28	0	3	4
1554734700.25	UDP	28	0	0	4
1554732463.18	UDP	28	0	4	3
1554733404.04	UDP	28	0	4	3
1554734953.34	UDP	28	0	4	1
1554733878.42	UDP	28	0	3	2
1554732711.63	UDP	28	0	3	3
1554732582.43	UDP	28	0	3	3
1554734950.91	UDP	28	0	6	2
1554734944.76	UDP	28	0	6	2
1554733853.9	UDP	28	0	2	2
1554733658.11	UDP	28	0	1	2
1554734945.01	UDP	28	0	6	4
1554734706.13	UDP	28	0	1	4
1554735230.11	UDP	28	0	5	0
1554733408.73	UDP	28	0	1	3
1554735239.29	UDP	28	0	5	0
1554733878.77	UDP	28	0	6	0
1554733408.26	UDP	28	0	0	4
1554734953.41	UDP	28	0	6	1
1554733871.35	UDP	28	0	6	0
1554735230.03	UDP	28	0	4	3
1554733398.56	UDP	28	0	4	0
1554733648.55	UDP	28	0	5	0
1554734705.14	UDP	28	0	5	3
1554733658.57	UDP	28	0	0	4
1554733878.6	UDP	28	0	1	3
1554732619.25	UDP	28	0	0	1
1554733397.44	UDP	28	0	2	2
1554733871.8	UDP	28	0	2	2
1554734951.28	UDP	28	0	2	0
1554733658.63	UDP	28	0	3	2
1554733397.84	UDP	28	0	0	2
1554733866.88	UDP	28	0	4	0
1554734700.32	UDP	28	0	2	2
1554733397.59	UDP	28	0	2	0
1554732619.3	UDP	28	0	1	3
1554734951.77	UDP	28	0	6	2
1554733657.39	UDP	28	0	0	4
1554732572.6	UDP	28	0	1	1
1554733878.54	UDP	28	0	5	1
1554733649.48	UDP	28	0	3	1
1554734947.58	UDP	28	0	4	1
1554735225.29	UDP	28	0	2	0
1554733496.54	UDP	28	0	2	1
1554732526.54	UDP	28	0	4	0
1554733867.48	UDP	28	0	6	2
1554733653.17	UDP	28	0	3	3
1554733859.32	UDP	28	0	0	2
1554733867.11	UDP	28	0	3	3
1554733879.1	UDP	28	0	4	1
1554733649.01	UDP	28	0	5	1
1554733863.89	UDP	28	0	6	0
1554734951.48	UDP	28	0	4	2
1554733872.03	UDP	28	0	5	0
1554733871.47	UDP	28	0	3	3
1554733898.86	UDP	28	0	5	3
1554735241.29	UDP	28	0	1	2
1554733535.35	UDP	28	0	2	3
1554734947.83	UDP	28	0	1	4
1554734944.26	UDP	28	0	5	2
1554732621.32	UDP	28	0	1	4
1554732549.51	UDP	28	0	2	1
1554733399.16	UDP	28	0	0	0
1554732652.02	UDP	28	0	6	3
1554733867.27	UDP	28	0	1	0
1554732616.67	UDP	28	0	6	0
1554732722.48	UDP	28	0	3	0
1554734689.68	UDP	28	0	3	0
1554734947.77	UDP	28	0	5	4
1554733398.71	UDP	28	0	0	2
1554734690.92	UDP	28	0	0	3
1554735229.96	UDP	28	0	6	4
1554734940.18	UDP	28	0	0	2
1554735252.56	UDP	28	0	0	2
1554734700.6	UDP	28	0	0	3
1554733398.66	UDP	28	0	5	0
1554732619.7	UDP	28	0	4	2
1554733408.07	UDP	28	0	2	0
1554732706.43	UDP	28	0	5	4
1554732748.06	UDP	28	0	0	4
1554733397.53	UDP	28	0	3	0
1554733399.13	UDP	28	0	0	3
1554735226.18	UDP	28	0	3	4
1554734940.25	UDP	28	0	2	2
1554734945.67	UDP	28	0	4	4
1554734951.34	UDP	28	0	0	2
1554733864.23	UDP	28	0	6	3
1554732578.08	UDP	28	0	2	0
1554733397.64	UDP	28	0	3	3
1554732616.7	UDP	28	0	0	2
1554733867.79	UDP	28	0	4	0
1554734951.53	UDP	28	0	1	2
1554733878.3	UDP	28	0	5	1
1554735230.17	UDP	28	0	4	3
1554734945.43	UDP	28	0	1	1
1554733399.09	UDP	28	0	3	2
1554733398.77	UDP	28	0	3	3
1554733397.78	UDP	28	0	5	1
1554733879.37	UDP	28	0	6	2
1554734950.85	UDP	28	0	3	0
1554733404.9	UDP	28	0	3	0
1554733403.78	UDP	28	0	2	0
1554734944.45	UDP	28	0	3	3
1554734940.42	UDP	28	0	3	4
1554735230.47	UDP	28	0	6	0
1554733397.69	UDP	28	0	6	1
1554735239.86	UDP	28	0	5	2
1554733403.53	UDP	28	0	4	1
1554732619.81	UDP	28	0	5	3
1554734948.3	UDP	28	0	0	0
1554733867.21	UDP	28	0	6	1
1554734940.73	UDP	28	0	3	2
1554732463.44	UDP	28	0	5	3
1554735235.44	UDP	28	0	5	0
1554735226.11	UDP	28	0	6	2
1554732619.58	UDP	28	0	4	0
1554735226.33	UDP	28	0	5	1
1554732620.78	UDP	28	0	1	4
1554733879.4	UDP	28	0	2	0
1554732745.81	UDP	28	0	2	2
1554732619.52	UDP	28	0	6	4
1554732449.83	UDP	28	0	5	3
1554732620.23	UDP	28	0	5	4
1554733408.59	UDP	28	0	3	0
1554732706.35	UDP	28	0	0	4
1554734706.26	UDP	28	0	5	4
1554733407.92	UDP	28	0	1	0
1554733883.32	UDP	28	0	2	1
1554732656.22	UDP	28	0	0	0
1554734706.33	UDP	28	0	2	4
1554733397.73	UDP	28	0	2	4
1554733649.38	UDP	28	0	3	2
1554733648.95	UDP	28	0	0	0
1554733871.69	UDP	28	0	2	2
1554732736.49	UDP	28	0	4	4
1554734964.19	UDP	28	0	6	3
1554732527.15	UDP	28	0	1	1
1554733657.89	UDP	28	0	1	4
1554732620.56	UDP	28	0	0	2
1554732662.19	UDP	28	0	0	4
1554733398.88	UDP	28	0	5	3
1554734953.78	UDP	28	0	6	4
1554733648.35	UDP	28	0	5	1
1554732719.04	UDP	28	0	2	0
1554733398.81	UDP	28	0	1	3
1554735239.78	UDP	28	0	4	0
1554734945.25	UDP	28	0	3	4
1554733509.08	UDP	28	0	1	2
1554734945.2	UDP	28	0	0	3
1554733398.16	UDP	28	0	1	0
1554732474.17	UDP	28	0	4	4
1554733522.51	UDP	28	0	2	0
1554732620.35	UDP	28	0	3	0
1554732620.18	UDP	28	0	0	2
1554733398.51	UDP	28	0	6	2
1554734945.85	UDP	28	0	1	1
1554733878.08	UDP	28	0	0	4
1554734706.95	UDP	28	0	4	1
1554734701.1	UDP	28	0	0	1
1554735229.74	UDP	28	0	2	3
1554735240.69	UDP	28	0	1	3
1554733874.76	UDP	28	0	0	0
1554733649.27	UDP	28	0	4	0
1554735216.39	UDP	28	0	5	4
1554733405.03	UDP	28	0	2	3
1554734944.69	UDP	28	0	2	2
1554734706.04	UDP	28	0	3	3
1554733658.21	UDP	28	0	2	0
1554734705.49	UDP	28	0	6	4
1554735240.76	UDP	28	0	3	3
1554733648.76	UDP	28	0	4	0
1554733864.17	UDP	28	0	2	4
1554733501.24	UDP	28	0	1	3
1554734945.14	UDP	28	0	6	4
1554735235.08	UDP	28	0	1	2
1554735230.69	UDP	28	0	4	1
1554733403.4	UDP	28	0	6	0
1554732474.06	UDP	28	0	3	1
1554733867.95	UDP	28	0	4	4
1554733870.95	UDP	28	0	0	1
1554734706.19	UDP	28	0	4	1
1554735226.26	UDP	28	0	5	0
1554733519.52	UDP	28	0	6	1
1554732616.41	UDP	28	0	2	0
1554735239.49	UDP	28	0	1	2
1554733399.04	UDP	28	0	4	1
1554733658.06	UDP	28	0	3	2
1554733653.29	UDP	28	0	3	2
1554732616.28	UDP	28	0	6	4
1554732736.63	UDP	28	0	1	3
1554734945.32	UDP	28	0	2	0
1554734705.36	UDP	28	0	4	0
1554735226.05	UDP	28	0	6	4
1554732621.04	UDP	28	0	1	4
1554733404.53	UDP	28	0	2	4
1554734944.63	UDP	28	0	5	4
1554734940.85	UDP	28	0	6	0
1554733653.23	UDP	28	0	2	0
1554733871.05	UDP	28	0	6	4
1554733648.9	UDP	28	0	0	3
1554734700.81	UDP	28	0	5	4
1554733878.25	UDP	28	0	5	4
1554735239.57	UDP	28	0	5	3
1554733878.36	UDP	28	0	6	3
1554735225.85	UDP	28	0	0	1
1554734944.2	UDP	28	0	6	0
1554734700.39	UDP	28	0	4	0
1554735225.78	UDP	28	0	6	3
1554733408.51	UDP	28	0	2	4
1554734940.49	UDP	28	0	6	2
1554732616.18	UDP	28	0	4	2
1554735240.91	UDP	28	0	0	2
1554733867.89	UDP	28	0	0	2
1554733653.83	UDP	28	0	5	1
1554734951.09	UDP	28	0	2	1
1554734682.74	UDP	28	0	5	1
1554734947.65	UDP	28	0	6	3
1554735241.36	UDP	28	0	5	0
1554733403.72	UDP	28	0	5	2
1554734964.55	UDP	28	0	1	1
1554733648.71	UDP	28	0	3	3
1554734951.41	UDP	28	0	3	3
1554734951.59	UDP	28	0	2	4
1554733658.43	UDP	28	0	2	4
1554735229.89	UDP	28	0	5	0
1554733874.55	UDP	28	0	0	4
1554733403.2	UDP	28	0	4	2
1554732563.11	UDP	28	0	2	2
1554734699.99	UDP	28	0	5	0
1554733871.31	UDP	28	0	6	4
1554733649.07	UDP	28	0	1	2
1554735234.94	UDP	28	0	2	0
1554733657.16	UDP	28	0	5	3
1554733866.83	UDP	28	0	0	1
1554735240.84	UDP	28	0	2	0
1554733408.45	UDP	28	0	0	1
1554733657.82	UDP	28	0	3	4
1554735240.01	UDP	28	0	6	3
1554734948.5	UDP	28	0	4	3
1554733874.71	UDP	28	0	1	1
1554732620.28	UDP	28	0	4	1
1554732662.87	UDP	28	0	4	4
1554734690.86	UDP	28	0	2	3
1554735241.21	UDP	28	0	1	0
1554732616.49	UDP	28	0	1	3
1554735245.16	UDP	28	0	3	2
1554734706.68	UDP	28	0	5	2
1554734699.84	UDP	28	0	0	1
1554733877.86	UDP	28	0	5	2
1554733877.65	UDP	28	0	0	1
1554734941.17	UDP	28	0	2	1
1554732578.24	UDP	28	0	6	2
1554733653.12	UDP	28	0	3	2
1554734706.74	UDP	28	0	1	2
1554732578.01	UDP	28	0	1	4
1554733657.34	UDP	28	0	0	2
1554732710.87	UDP	28	0	5	2
1554733653.34	UDP	28	0	6	0
1554733874.6	UDP	28	0	1	0
1554733878.66	UDP	28	0	5	0
1554734940.31	UDP	28	0	2	1
1554733871.41	UDP	28	0	5	4
1554733868.06	UDP	28	0	1	4
1554735234.6	UDP	28	0	5	4
1554732449.77	UDP	28	0	4	3
1554734706.8	UDP	28	0	4	2
1554733648.66	UDP	28	0	2	3
1554734953.72	UDP	28	0	3	1
1554735239.42	UDP	28	0	5	1
1554733408.03	UDP	28	0	2	2
1554734706.89	UDP	28	0	4	4
1554735230.4	UDP	28	0	0	4
1554734947.71	UDP	28	0	6	4
1554734948.37	UDP	28	0	2	1
1554732652.2	UDP	28	0	4	0
1554734705.42	UDP	28	0	6	0
1554732449.95	UDP	28	0	2	1
1554733399.0	UDP	28	0	1	4
1554733879.05	UDP	28	0	6	0
1554733658.47	UDP	28	0	3	1
1554732743.55	UDP	28	0	5	4
1554733649.42	UDP	28	0	0	2
1554733648.45	UDP	28	0	1	3
1554734705.84	UDP	28	0	1	0
1554733878.19	UDP	28	0	6	1
1554733404.32	UDP	28	0	2	4
1554732620.01	UDP	28	0	2	1
1554734940.98	UDP	28	0	5	4
1554735225.42	UDP	28	0	5	3
1554733408.85	UDP	28	0	6	4
1554733649.22	UDP	28	0	1	4
1554734953.84	UDP	28	0	1	3
1554734945.55	UDP	28	0	1	3
1554732620.46	UDP	28	0	4	4
1554733658.32	UDP	28	0	2	0
1554733403.99	UDP	28	0	2	2
1554734705.08	UDP	28	0	0	3
1554735235.16	UDP	28	0	3	4
1554735234.53	UDP	28	0	1	0
1554733877.96	UDP	28	0	4	3
1554733649.17	UDP	28	0	3	2
1554734951.95	UDP	28	0	2	2
1554733411.6	UDP	28	0	1	3
1554732562.88	UDP	28	0	2	3
1554733657.61	UDP	28	0	0	0
1554733867.43	UDP	28	0	0	3
1554735225.56	UDP	28	0	6	1
1554734705.63	UDP	28	0	2	1
1554733648.86	UDP	28	0	0	4
1554733539.95	UDP	28	0	3	2
1554733653.6	UDP	28	0	6	3
1554735241.07	UDP	28	0	2	3
1554733398.6	UDP	28	0	3	1
1554735234.37	UDP	28	0	3	3
1554734947.89	UDP	28	0	2	0
1554733877.81	UDP	28	0	4	3
1554734944.51	UDP	28	0	3	2
1554735240.22	UDP	28	0	3	1
1554735225.98	UDP	28	0	6	0
1554733878.48	UDP	28	0	6	2
1554732572.67	UDP	28	0	5	2
1554735230.63	UDP	28	0	1	1
1554732710.51	UDP	28	0	0	0
1554735234.73	UDP	28	0	0	4
1554735240.98	UDP	28	0	6	0
1554732620.12	UDP	28	0	4	2
1554734941.1	UDP	28	0	3	3
1554733408.93	UDP	28	0	5	1
1554733878.99	UDP	28	0	4	3
1554734951.16	UDP	28	0	6	2
1554733877.76	UDP	28	0	3	4
1554734940.79	UDP	28	0	3	1
1554733653.39	UDP	28	0	2	4
1554733408.36	UDP	28	0	3	1
1554733404.12	UDP	28	0	3	2
1554733657.99	UDP	28	0	5	0
1554734705.22	UDP	28	0	2	2
1554734700.12	UDP	28	0	2	0
1554735241.13	UDP	28	0	2	3
1554733648.82	UDP	28	0	2	0
1554733648.39	UDP	28	0	5	2
1554734963.82	UDP	28	0	5	3
1554733867.84	UDP	28	0	3	2
1554733648.14	UDP	28	0	1	3
1554734705.69	UDP	28	0	1	0
1554734948.43	UDP	28	0	3	2
1554733657.49	UDP	28	0	5	4
1554733878.02	UDP	28	0	0	2
1554732662.61	UDP	28	0	6	1
1554734944.57	UDP	28	0	6	0
1554733867.16	UDP	28	0	5	4
1554733398.36	UDP	28	0	1	3
1554733398.25	UDP	28	0	0	0
1554735234.45	UDP	28	0	4	4
1554733411.31	UDP	28	0	0	0
1554733649.11	UDP	28	0	5	1
1554732619.87	UDP	28	0	3	0
1554733883.48	UDP	28	0	5	0
1554734945.61	UDP	28	0	4	4
1554733867.63	UDP	28	0	6	1
1554733408.55	UDP	28	0	6	1
1554735240.52	UDP	28	0	2	2
1554734690.79	UDP	28	0	6	1
1554733404.18	UDP	28	0	3	4
1554734953.48	UDP	28	0	6	3
1554732621.39	UDP	28	0	6	3
1554735229.81	UDP	28	0	2	4
1554732619.38	UDP	28	0	5	4
1554733874.65	UDP	28	0	3	1
1554734953.65	UDP	28	0	1	4
1554734940.54	UDP	28	0	4	1
1554734933.2	UDP	28	0	5	3
1554732651.64	UDP	28	0	2	0
1554734953.9	UDP	28	0	4	0
1554733404.24	UDP	28	0	3	4
1554733866.93	UDP	28	0	0	2
1554734940.68	UDP	28	0	0	0
1554732608.75	UDP	28	0	4	3
1554733877.71	UDP	28	0	0	3
1554734976.49	UDP	28	0	3	4
1554734699.77	UDP	28	0	6	4
1554733404.82	UDP	28	0	2	1
1554733868.11	UDP	28	0	4	0
1554732616.63	UDP	28	0	1	0
1554732474.43	UDP	28	0	6	1
1554733863.95	UDP	28	0	6	0
1554734700.52	UDP	28	0	2	4
1554734706.6	UDP	28	0	1	1
1554733404.66	UDP	28	0	3	3
1554733872.13	UDP	28	0	3	0
1554733497.03	UDP	28	0	6	4
1554733853.24	UDP	28	0	4	1
1554735234.3	UDP	28	0	3	4
1554732616.79	UDP	28	0	1	0
1554733653.71	UDP	28	0	1	2
1554733534.91	UDP	28	0	5	2
1554732725.62	UDP	28	0	1	4
1554733871.11	UDP	28	0	4	0
1554735230.25	UDP	28	0	0	3
1554732619.47	UDP	28	0	2	2
1554735230.54	UDP	28	0	1	0
1554734706.4	UDP	28	0	1	0
1554732651.72	UDP	28	0	5	0
1554735230.32	UDP	28	0	3	2
1554733867.73	UDP	28	0	3	4
1554733652.61	UDP	28	0	4	3
1554733657.45	UDP	28	0	5	1
1554733403.85	UDP	28	0	3	0
1554734953.54	UDP	28	0	5	1
1554733398.01	UDP	28	0	3	4
1554733408.9	UDP	28	0	5	1
1554733408.11	UDP	28	0	5	0
1554733864.12	UDP	28	0	0	1
1554735225.91	UDP	28	0	1	1
1554733404.42	UDP	28	0	5	4
1554733404.6	UDP	28	0	4	0
1554732463.62	UDP	28	0	3	1
1554734953.6	UDP	28	0	0	3
1554733408.67	UDP	28	0	5	2
1554733860.33	UDP	28	0	6	2
1554733658.37	UDP	28	0	4	1
1554732616.81	UDP	28	0	2	4
1554734700.66	UDP	28	0	6	0
1554732620.95	UDP	28	0	3	1
1554733653.49	UDP	28	0	0	2
1554734951.72	UDP	28	0	2	3
1554732710.63	UDP	28	0	0	2
1554733660.96	UDP	28	0	6	3
1554734701.03	UDP	28	0	5	0
1554733653.66	UDP	28	0	1	3
1554733878.13	UDP	28	0	3	1
1554732620.07	UDP	28	0	4	2
1554733648.59	UDP	28	0	2	2
1554732557.85	UDP	28	0	0	2
1554734945.38	UDP	28	0	6	2
1554733397.94	UDP	28	0	4	3
1554732616.9	UDP	28	0	2	1
1554734945.5	UDP	28	0	2	3
1554734948.24	UDP	28	0	5	4
1554735239.71	UDP	28	0	3	4
1554732621.14	UDP	28	0	1	1
1554733403.65	UDP	28	0	3	1
1554732463.27	UDP	28	0	3	3
1554733864.01	UDP	28	0	0	1
1554733403.34	UDP	28	0	2	3
1554733408.17	UDP	28	0	0	3
1554733408.77	UDP	28	0	0	1
1554735230.77	UDP	28	0	4	3
1554735241.43	UDP	28	0	6	2
1554734700.95	UDP	28	0	5	0
1554735225.7	UDP	28	0	1	1
1554733522.26	UDP	28	0	0	0
1554734951.9	UDP	28	0	3	2
1554733878.72	UDP	28	0	6	2
1554734700.18	UDP	28	0	1	1
1554734699.92	UDP	28	0	3	2
1554733658.27	UDP	28	0	0	3
1554733657.77	UDP	28	0	3	0
1554735240.31	UDP	28	0	1	4
1554733864.06	UDP	28	0	3	3
1554732621.21	UDP	28	0	1	2
1554733884.25	UDP	28	0	5	4
1554735240.06	UDP	28	0	5	4
1554735239.65	UDP	28	0	6	2
1554734705.3	UDP	28	0	6	3
1554735239.35	UDP	28	0	6	2
1554733871.93	UDP	28	0	0	4
1554733871.59	UDP	28	0	4	1
1554733403.47	UDP	28	0	1	4
1554733657.28	UDP	28	0	1	4
1554732578.15	UDP	28	0	4	1
1554734944.33	UDP	28	0	6	1
1554734945.73	UDP	28	0	0	1
1554733874.81	UDP	28	0	5	1
1554735240.15	UDP	28	0	6	4
1554733853.02	UDP	28	0	1	4
1554733649.32	UDP	28	0	4	1
1554732616.75	UDP	28	0	3	1
1554732616.86	UDP	28	0	3	3
1554733398.94	UDP	28	0	4	2
1554733502.6	UDP	28	0	0	2
1554733871.15	UDP	28	0	4	4
1554732706.61	UDP	28	0	3	1
1554732656.59	UDP	28	0	5	1
1554734945.08	UDP	28	0	5	1
1554733653.55	UDP	28	0	1	1
1554733871.86	UDP	28	0	6	1
1554735217.13	UDP	28	0	6	3
1554734951.03	UDP	28	0	0	0
1554733404.95	UDP	28	0	5	0
1554734941.05	UDP	28	0	4	3
1554734940.9	UDP	28	0	1	2
1554734944.39	UDP	28	0	5	0
1554732616.32	UDP	28	0	0	3
1554733867.31	UDP	28	0	0	0
1554732553.32	UDP	28	0	4	0
1554734944.88	UDP	28	0	1	2
1554733537.36	UDP	28	0	2	2
1554735240.61	UDP	28	0	5	3
1554734945.8	UDP	28	0	1	0
1554733867.38	UDP	28	0	4	0
1554732459.36	UDP	28	0	5	4
1554734948.19	UDP	28	0	5	0
1554733408.62	UDP	28	0	3	0
1554733868.16	UDP	28	0	4	3
1554733407.98	UDP	28	0	0	1
1554732616.45	UDP	28	0	3	3
1554732616.36	UDP	28	0	3	0
1554732459.66	UDP	28	0	5	4
1554733867.57	UDP	28	0	3	2
1554732710.33	UDP	28	0	4	0
1554733657.71	UDP	28	0	5	1
1554734705.56	UDP	28	0	4	1
1554732717.07	UDP	28	0	5	4
1554733522.72	UDP	28	0	6	1
1554733658.53	UDP	28	0	5	1
1554735225.22	UDP	28	0	0	2
1554732621.46	UDP	28	0	3	1
1554732616.58	UDP	28	0	1	0
1554733398.06	UDP	28	0	0	2
1554734940.37	UDP	28	0	5	1
1554733859.38	UDP	28	0	6	4
1554735239.93	UDP	28	0	4	4
1554733657.55	UDP	28	0	6	4
1554732619.75	UDP	28	0	0	0
1554734705.98	UDP	28	0	2	3
1554733398.11	UDP	28	0	2	3
1554734706.53	UDP	28	0	4	0
1554733867.68	UDP	28	0	5	0
1554732578.49	UDP	28	0	4	1
1554733657.94	UDP	28	0	6	0
1554733657.22	UDP	28	0	3	3
1554734700.88	UDP	28	0	1	3
1554732616.23	UDP	28	0	1	3
1554732706.75	UDP	28	0	1	4
1554735225.63	UDP	28	0	6	2
1554733398.44	UDP	28	0	5	2
1554733868.0	UDP	28	0	2	1
1554735234.66	UDP	28	0	5	2
1554733878.89	UDP	28	0	3	0
1554734972.75	UDP	28	0	6	0
1554734955.99	UDP	28	0	6	4
1554733653.45	UDP	28	0	4	4
1554732651.68	UDP	28	0	2	2
1554733405.16	UDP	28	0	6	4
1554733405.08	UDP	28	0	5	3
1554733879.48	UDP	28	0	6	4
1554733508.74	UDP	28	0	6	2
1554732550.26	UDP	28	0	1	3
1554733871.22	UDP	28	0	0	0
1554733853.68	UDP	28	0	4	3
1554733408.4	UDP	28	0	1	3
1554732733.16	UDP	28	0	3	0
1554735235.3	UDP	28	0	6	3
1554733874.92	UDP	28	0	0	2
1554734948.55	UDP	28	0	4	0
1554733408.31	UDP	28	0	1	3
1554733403.92	UDP	28	0	4	1
1554732619.96	UDP	28	0	1	1
1554734951.22	UDP	28	0	5	3
1554733648.5	UDP	28	0	4	0
1554732521.56	UDP	28	0	6	1
1554734951.84	UDP	28	0	5	0
1554734705.77	UDP	28	0	3	4
1554732619.27	UDP	28	0	0	0
1554732616.55	UDP	28	0	0	3
1554733871.0	UDP	28	0	6	3
1554733653.77	UDP	28	0	3	3
1554733871.97	UDP	28	0	0	3
1554733872.07	UDP	28	0	1	1
1554735235.01	UDP	28	0	1	1
1554735240.44	UDP	28	0	6	3
1554734705.91	UDP	28	0	2	3
1554735225.35	UDP	28	0	6	2
1554733408.2	UDP	28	0	0	2
1554732528.56	UDP	28	0	2	2
1554732657.08	UDP	28	0	1	0
1554733870.89	UDP	28	0	4	3
1554734940.61	UDP	28	0	6	1
1554734951.66	UDP	28	0	1	3
1554735241.5	UDP	28	0	2	3
1554734953.28	UDP	28	0	0	0
1554733657.12	UDP	28	0	5	0
1554735229.66	UDP	28	0	3	2
1554733867.05	UDP	28	0	6	0
1554733867.52	UDP	28	0	6	2
1554735234.87	UDP	28	0	6	2
1554732620.86	UDP	28	0	6	4
1554733877.91	UDP	28	0	6	4
1554732657.12	UDP	28	0	2	3
1554735235.38	UDP	28	0	2	4
1554732662.92	UDP	28	0	5	3
