0.0903491973877	TCP	686	40	2	4
0.090784072876	UDP	123	151	2	4
0.0913569927216	TCP	1291	40	2	4
0.100960016251	UDP	914	576	2	3
0.0869209766388	ICMP	249	249	2	2
0.0829999446869	ICMP	296	296	2	6
0.189322948456	UDP	230	258	2	4
0.0916450023651	TCP	92	40	2	5
0.0966010093689	TCP	213	40	2	4
0.0966110229492	ICMP	196	196	2	6
0.0891501903534	ICMP	150	150	2	7
0.0937459468842	ICMP	212	212	2	4
0.0975921154022	TCP	718	40	2	6
0.125285863876	ICMP	107	107	2	3
0.0907030105591	TCP	610	40	2	4
0.11568403244	ICMP	281	281	2	5
0.0955090522766	TCP	572	40	2	6
0.0981919765472	TCP	822	40	2	2
0.101861000061	TCP	554	40	2	4
0.093346118927	ICMP	660	660	2	4
0.0866870880127	TCP	77	40	2	6
0.0901329517365	ICMP	462	462	2	2
0.179368972778	UDP	166	194	2	4
0.0931210517883	ICMP	446	446	2	6
0.0894260406494	ICMP	68	68	2	6
0.113390207291	ICMP	339	339	2	3
0.139937877655	UDP	425	453	2	2
0.0988039970398	TCP	1088	40	2	2
0.0957980155945	TCP	668	40	2	6
0.08939909935	TCP	1128	40	2	2
0.100415945053	ICMP	634	634	2	4
0.0930829048157	UDP	72	100	2	2
0.12260890007	TCP	683	40	2	2
0.0900971889496	ICMP	430	430	2	4
0.0951828956604	ICMP	718	718	2	4
0.0998830795288	TCP	1096	40	2	2
0.0870230197906	TCP	501	40	2	2
0.0869970321655	TCP	465	40	2	2
0.233688831329	UDP	825	576	2	4
0.0968601703644	TCP	728	40	2	4
0.0841438770294	TCP	511	40	2	2
0.0901901721954	UDP	269	297	2	2
0.0961360931396	UDP	473	501	2	6
0.128445148468	UDP	517	545	2	4
0.0972769260406	TCP	281	40	2	4
0.094379901886	TCP	1016	40	2	2
0.0896401405334	ICMP	253	253	2	2
0.198318958282	TCP	1308	40	2	6
0.0911130905151	UDP	307	335	2	3
0.0842428207397	ICMP	297	297	2	2
0.106603860855	TCP	983	40	2	6
0.0885920524597	TCP	1022	40	2	4
0.330800056458	TCP	564	40	2	4
0.275658845901	UDP	338	366	2	6
0.0967829227448	ICMP	713	713	2	6
0.179049968719	TCP	711	40	2	3
0.0910940170288	ICMP	291	291	2	4
0.0893290042877	ICMP	557	557	2	4
0.0995678901672	UDP	877	576	2	6
0.0933549404144	UDP	606	576	2	2
0.101731061935	UDP	870	576	2	4
0.0931630134583	ICMP	658	658	2	2
0.0886259078979	TCP	56	40	2	4
0.104048967361	UDP	280	308	2	3
0.0993428230286	TCP	1231	40	2	6
0.0884790420532	ICMP	474	474	2	7
0.122447013855	TCP	1122	40	2	2
0.161382913589	TCP	443	40	2	4
0.126376867294	UDP	73	101	2	6
0.0969309806824	UDP	512	540	2	2
0.0827569961548	ICMP	694	694	2	5
0.0728940963745	TCP	88	40	2	2
0.225909948349	UDP	756	576	2	5
0.100373983383	TCP	524	40	2	4
0.119726896286	TCP	619	40	2	5
0.102322816849	TCP	1029	40	2	3
0.201157093048	UDP	975	576	2	2
0.0908319950104	UDP	199	227	2	4
0.0897879600525	ICMP	578	578	2	4
0.0993719100952	ICMP	679	679	2	4
0.0950310230255	TCP	995	40	2	5
0.113703966141	ICMP	605	605	2	6
0.0897297859192	TCP	192	40	2	4
0.118999004364	UDP	88	116	2	6
0.0923781394958	ICMP	614	614	2	4
0.102147102356	TCP	997	40	2	2
0.226476192474	ICMP	412	412	2	2
0.0971820354462	ICMP	679	679	2	2
0.10270690918	TCP	226	40	2	2
0.212476968765	TCP	664	40	2	2
0.493803024292	TCP	815	40	2	2
0.0906300544739	UDP	577	576	2	2
0.0991921424866	UDP	718	576	2	6
0.0967302322388	TCP	528	40	2	8
0.0885429382324	ICMP	511	511	2	5
0.0870068073273	TCP	191	40	2	4
0.089674949646	TCP	384	40	2	4
0.0949990749359	ICMP	386	386	2	4
0.100708961487	ICMP	613	613	2	4
0.0982949733734	ICMP	173	173	2	2
0.0814509391785	ICMP	677	677	2	2
0.0906939506531	TCP	1043	40	2	6
0.221510887146	ICMP	416	416	2	3
0.090145111084	TCP	308	40	2	4
0.0941159725189	UDP	550	576	2	6
0.210528850555	UDP	357	385	2	4
0.0887970924377	ICMP	516	516	2	8
0.0895111560822	ICMP	413	413	2	4
0.0912680625916	UDP	396	424	2	2
0.100455999374	TCP	1037	40	2	4
0.0870018005371	TCP	766	40	2	4
0.0865502357483	TCP	376	40	2	4
0.0949659347534	UDP	121	149	2	2
0.083909034729	UDP	816	576	2	2
0.0932879447937	TCP	769	40	2	2
0.0894451141357	UDP	719	576	2	4
0.12968993187	UDP	619	576	2	4
0.0961399078369	TCP	408	40	2	4
0.0875759124756	TCP	861	40	2	2
0.101340055466	ICMP	135	135	2	5
0.0932509899139	TCP	1242	40	2	2
0.0985200405121	UDP	365	393	2	6
0.110852003098	TCP	1088	40	2	8
0.104915857315	ICMP	238	238	2	4
0.0876441001892	ICMP	417	417	2	2
0.132785081863	ICMP	217	217	2	2
0.0934700965881	TCP	380	40	2	4
0.0919420719147	TCP	259	40	2	4
0.124068021774	ICMP	311	311	2	6
0.0986268520355	TCP	1257	40	2	4
0.109920024872	ICMP	123	123	2	7
0.0953459739685	TCP	274	40	2	6
0.188982009888	ICMP	249	249	2	8
0.0839900970459	TCP	77	40	2	6
0.0911068916321	ICMP	234	234	2	2
0.10403585434	UDP	969	576	2	4
0.0992569923401	ICMP	365	365	2	6
0.0934879779816	ICMP	322	322	2	4
0.0942399501801	ICMP	445	445	2	2
0.112922906876	TCP	43	40	2	6
0.0845730304718	UDP	934	576	2	5
0.0885100364685	TCP	359	40	2	6
0.0902700424194	ICMP	129	129	2	4
0.100442886353	UDP	141	169	2	6
0.0942900180817	TCP	1282	40	2	5
0.0889661312103	TCP	63	40	2	8
0.12044095993	ICMP	68	68	2	10
0.0901339054108	ICMP	188	188	2	4
0.1207010746	ICMP	186	186	2	2
0.0981619358063	UDP	210	238	2	6
0.101495027542	TCP	512	40	2	2
0.100655078888	UDP	737	576	2	6
0.373256206512	ICMP	467	467	2	5
0.106743097305	UDP	775	576	2	5
0.105222940445	TCP	419	40	2	2
0.0856380462646	TCP	613	40	2	6
0.0913200378418	ICMP	581	581	2	4
0.0994601249695	ICMP	602	602	2	6
0.103268146515	ICMP	708	708	2	4
0.13247179985	UDP	869	576	2	8
0.096321105957	TCP	1116	40	2	2
0.0901410579681	TCP	1057	40	2	4
0.404735088348	TCP	360	40	2	6
0.334831953049	TCP	1108	40	2	7
0.0866961479187	ICMP	647	647	2	2
0.0764429569244	TCP	149	40	2	6
0.0982780456543	TCP	788	40	2	4
0.0926539897919	TCP	995	40	2	5
0.229866027832	TCP	703	40	2	5
0.0916929244995	UDP	136	164	2	4
0.0981848239899	UDP	164	192	2	4
0.0962300300598	TCP	290	40	2	6
0.107525110245	UDP	85	113	2	6
0.0998170375824	UDP	743	576	2	4
0.0897989273071	TCP	709	40	2	7
0.0917308330536	UDP	65	93	2	4
0.0981259346008	UDP	528	556	2	2
0.0812790393829	ICMP	66	66	2	4
0.133738040924	TCP	1318	40	2	5
0.093297958374	UDP	761	576	2	2
0.112200021744	TCP	1078	40	2	4
0.102411031723	TCP	318	40	2	4
0.298970222473	ICMP	670	670	2	2
0.0846350193024	TCP	361	40	2	2
0.0968639850616	TCP	598	40	2	4
0.0901889801025	ICMP	542	542	2	4
0.163369178772	TCP	626	40	2	6
0.0896260738373	ICMP	493	493	2	4
0.10044503212	UDP	882	576	2	2
0.0962691307068	TCP	375	40	2	6
0.337003946304	TCP	1313	40	2	3
0.199437856674	ICMP	126	126	2	6
0.0971281528473	TCP	567	40	2	4
0.0900549888611	TCP	701	40	2	4
0.0897829532623	TCP	426	40	2	6
0.0945219993591	TCP	209	40	2	4
0.0925171375275	UDP	565	576	2	8
0.0983469486237	ICMP	302	302	2	4
0.0973401069641	UDP	501	529	2	4
0.113247871399	ICMP	355	355	2	6
0.0944859981537	TCP	1031	40	2	4
0.0989029407501	TCP	705	40	2	3
0.102706193924	ICMP	112	112	2	3
0.139454126358	ICMP	140	140	2	4
0.188951969147	TCP	423	40	2	2
0.184162139893	UDP	157	185	2	6
0.103552103043	ICMP	350	350	2	4
0.0941138267517	TCP	1215	40	2	6
0.379427194595	TCP	533	40	2	5
0.124935150146	ICMP	484	484	2	4
0.178946018219	ICMP	690	690	2	2
0.086874961853	TCP	1200	40	2	4
0.0906891822815	UDP	985	576	2	6
0.0968611240387	ICMP	306	306	2	6
0.209661960602	UDP	587	576	2	8
0.087571144104	TCP	780	40	2	2
0.0995991230011	TCP	127	40	2	4
0.0896949768066	TCP	613	40	2	6
0.441177845001	TCP	1036	40	2	4
0.120522022247	ICMP	192	192	2	4
0.225780963898	ICMP	271	271	2	5
0.142550945282	UDP	327	355	2	4
0.09042096138	TCP	94	40	2	4
0.200294971466	TCP	469	40	2	2
0.0988440513611	ICMP	708	708	2	6
0.0905570983887	TCP	131	40	2	2
0.405753135681	ICMP	278	278	2	3
0.0979299545288	TCP	503	40	2	4
0.23526597023	UDP	772	576	2	4
0.100801944733	ICMP	584	584	2	5
0.101056098938	UDP	429	457	2	2
0.0925049781799	ICMP	665	665	2	6
0.0794658660889	ICMP	421	421	2	2
0.223300933838	ICMP	652	652	2	2
0.097048997879	UDP	300	328	2	5
0.0938718318939	TCP	797	40	2	2
0.0891170501709	TCP	639	40	2	6
0.119532108307	ICMP	122	122	2	6
0.101165056229	TCP	947	40	2	8
0.109247922897	TCP	874	40	2	6
0.0906407833099	UDP	666	576	2	6
0.221627950668	TCP	909	40	2	5
0.0994999408722	UDP	819	576	2	4
0.0905199050903	ICMP	30	30	2	3
0.0873780250549	TCP	1103	40	2	2
0.123872041702	ICMP	713	713	2	2
0.0883009433746	TCP	648	40	2	5
0.0913820266724	TCP	465	40	2	2
0.093672990799	TCP	822	40	2	4
0.0877199172974	ICMP	86	86	2	2
0.0946691036224	TCP	99	40	2	4
0.102444887161	TCP	439	40	2	2
0.116886854172	ICMP	595	595	2	6
0.088515996933	ICMP	715	715	2	4
0.0914340019226	ICMP	300	300	2	4
0.10188293457	ICMP	151	151	2	6
0.168890953064	UDP	765	576	2	4
0.0833079814911	ICMP	70	70	2	4
0.129966020584	TCP	1106	40	2	6
0.116640090942	ICMP	495	495	2	6
0.180031061172	TCP	981	40	2	2
0.0894310474396	ICMP	155	155	2	6
0.101814985275	UDP	88	116	2	2
0.093034029007	ICMP	100	100	2	6
0.110640048981	TCP	78	40	2	4
0.0883319377899	TCP	365	40	2	5
0.124468803406	TCP	147	40	2	4
0.124356985092	ICMP	28	28	2	2
0.102957963943	UDP	925	576	2	2
0.0986840724945	ICMP	138	138	2	4
0.100069999695	UDP	735	576	2	2
0.170505046844	ICMP	248	248	2	4
0.101379156113	TCP	1197	40	2	2
0.0885639190674	ICMP	98	98	2	4
0.108959913254	UDP	178	206	2	4
0.102472782135	TCP	451	40	2	4
0.0974259376526	ICMP	263	263	2	4
0.0894930362701	TCP	461	40	2	5
0.100795984268	ICMP	456	456	2	3
0.0891141891479	TCP	603	40	2	4
0.0875890254974	TCP	518	40	2	2
0.0984818935394	TCP	918	40	2	6
0.0981798171997	TCP	1123	40	2	4
0.0862331390381	TCP	513	40	2	4
0.239238977432	TCP	698	40	2	2
0.094456911087	ICMP	402	402	2	2
0.09956407547	ICMP	511	511	2	2
0.0965900421143	TCP	478	40	2	2
0.0972468852997	ICMP	473	473	2	4
0.0915560722351	UDP	820	576	2	4
0.104449987411	TCP	368	40	2	2
0.0858271121979	ICMP	553	553	2	4
0.0941069126129	ICMP	606	606	2	2
0.0962450504303	TCP	445	40	2	4
0.076623916626	TCP	1268	40	2	2
0.332327842712	TCP	373	40	2	4
0.0895040035248	ICMP	397	397	2	2
0.124022006989	UDP	1000	576	2	6
0.0864770412445	TCP	458	40	2	2
0.0943920612335	TCP	1253	40	2	2
0.0928659439087	TCP	1271	40	2	2
0.0940129756927	UDP	907	576	2	4
0.0904071331024	ICMP	345	345	2	4
0.106756925583	ICMP	36	36	2	2
0.0979290008545	TCP	1247	40	2	4
0.0933208465576	UDP	456	484	2	6
0.0979418754578	ICMP	151	151	2	8
0.0936548709869	UDP	881	576	2	6
0.10710310936	UDP	992	576	2	2
0.0817649364471	TCP	1010	40	2	4
0.0910620689392	TCP	1332	40	2	4
0.11950302124	TCP	365	40	2	4
0.187525987625	TCP	191	40	2	3
0.089861869812	TCP	210	40	2	2
0.0908010005951	TCP	712	40	2	2
0.0795521736145	ICMP	528	528	2	4
0.0988230705261	TCP	49	40	2	2
0.0971648693085	UDP	72	100	2	2
0.0965790748596	TCP	698	40	2	4
0.0813648700714	ICMP	542	542	2	6
0.107439041138	TCP	477	40	2	4
0.0978951454163	ICMP	341	341	2	3
0.101735115051	TCP	970	40	2	2
0.094486951828	UDP	840	576	2	6
0.0814878940582	ICMP	93	93	2	2
0.0893008708954	TCP	576	40	2	2
0.132755994797	ICMP	336	336	2	2
0.104519128799	TCP	1109	40	2	2
0.0863349437714	UDP	865	576	2	4
0.0994379520416	UDP	699	576	2	6
0.0898170471191	ICMP	331	331	2	4
0.0863008499146	TCP	316	40	2	6
0.117172002792	ICMP	143	143	2	2
0.0967028141022	ICMP	716	716	2	4
0.0899300575256	ICMP	595	595	2	4
0.0998179912567	TCP	412	40	2	6
0.08922290802	TCP	189	40	2	4
0.0906229019165	TCP	860	40	2	6
0.0893409252167	TCP	267	40	2	8
0.103088855743	UDP	953	576	2	6
0.0997550487518	TCP	833	40	2	2
0.209243059158	TCP	774	40	2	6
0.102142095566	UDP	418	446	2	2
0.127323150635	ICMP	55	55	2	4
0.209688186646	UDP	833	576	2	4
0.0926561355591	UDP	200	228	2	2
0.0833630561829	TCP	976	40	2	2
0.0876460075378	UDP	457	485	2	6
0.100066184998	TCP	802	40	2	2
0.113767147064	TCP	679	40	2	2
0.121814012527	ICMP	588	588	2	2
0.0870540142059	TCP	348	40	2	4
0.133759021759	TCP	1258	40	2	4
0.112334012985	TCP	212	40	2	4
0.099573135376	TCP	60	40	2	4
0.100071907043	TCP	430	40	2	2
0.101468086243	TCP	399	40	2	2
0.154321908951	TCP	471	40	2	4
0.126877069473	TCP	532	40	2	7
0.0898699760437	ICMP	623	623	2	6
0.121671915054	TCP	1068	40	2	6
0.0999710559845	UDP	895	576	2	2
0.105906009674	ICMP	697	697	2	4
0.0998661518097	UDP	614	576	2	4
0.0871779918671	ICMP	520	520	2	5
0.0882859230042	ICMP	146	146	2	2
0.0928719043732	UDP	751	576	2	6
0.0866448879242	UDP	570	576	2	4
0.0887060165405	ICMP	416	416	2	4
0.0914001464844	TCP	1146	40	2	2
0.100064992905	UDP	313	341	2	2
0.0939490795135	TCP	945	40	2	2
0.511689186096	TCP	526	40	2	4
0.0967400074005	TCP	1196	40	2	6
0.12556385994	UDP	281	309	2	4
0.0897610187531	TCP	1129	40	2	2
0.198996067047	TCP	702	40	2	5
0.0945680141449	ICMP	530	530	2	2
0.114403963089	ICMP	153	153	2	5
0.0837709903717	TCP	186	40	2	2
0.0908780097961	UDP	955	576	2	4
0.503525972366	UDP	938	576	2	2
0.0916519165039	ICMP	582	582	2	4
0.100021123886	TCP	494	40	2	8
0.503306865692	TCP	1073	40	2	7
0.102485179901	TCP	841	40	2	2
0.133350849152	TCP	249	40	2	3
0.0890688896179	TCP	342	40	2	4
0.0964579582214	UDP	613	576	2	6
0.0904309749603	ICMP	722	722	2	3
0.0868029594421	UDP	104	132	2	2
0.0898361206055	ICMP	83	83	2	6
0.102520942688	TCP	270	40	2	2
0.0961320400238	TCP	1120	40	2	4
0.189378976822	UDP	472	500	2	6
0.348690032959	ICMP	145	145	2	4
0.0829801559448	TCP	191	40	2	6
0.100381851196	UDP	208	236	2	8
0.319442987442	TCP	576	40	2	6
0.104362010956	ICMP	39	39	2	2
0.0973918437958	UDP	116	144	2	4
0.198484897614	TCP	1017	40	2	2
0.0933327674866	UDP	267	295	2	2
0.0921349525452	ICMP	240	240	2	4
0.180687904358	TCP	727	40	2	2
0.0907211303711	ICMP	618	618	2	2
0.373160123825	TCP	957	40	2	2
0.101332902908	TCP	196	40	2	2
0.106964826584	TCP	535	40	2	3
0.0963571071625	ICMP	238	238	2	3
0.226609945297	ICMP	536	536	2	4
0.0890219211578	TCP	621	40	2	5
0.0992410182953	TCP	799	40	2	6
0.0948779582977	UDP	805	576	2	5
0.222184896469	TCP	158	40	2	2
0.124405860901	TCP	538	40	2	7
0.103357076645	UDP	311	339	2	4
0.0915088653564	TCP	609	40	2	6
