30.9390749931	ICMP	337	337	1	3
33.4498939514	UDP	489	517	1	4
16.4203898907	TCP	850	40	1	3
9.03968119621	UDP	240	268	1	5
10.2184460163	UDP	984	576	1	3
29.269933939	UDP	742	576	1	4
40.8309140205	ICMP	72	72	1	2
23.9999558926	UDP	365	393	1	4
12.1605381966	TCP	1287	40	1	4
42.2982978821	UDP	1026	576	1	2
10.6396818161	UDP	991	576	1	4
1.40369796753	TCP	901	40	2	3
34.4593069553	UDP	997	576	1	3
12.4097321033	TCP	481	40	1	1
0.529217004776	UDP	129	157	2	3
9.6510310173	TCP	246	40	1	1
27.8394629955	UDP	1015	576	1	2
4.66945910454	TCP	174	40	1	4
15.7252418995	TCP	825	40	1	1
34.8119931221	UDP	557	576	1	3
17.6520190239	TCP	875	40	1	3
23.0662779808	ICMP	296	296	1	3
34.3697359562	TCP	1149	40	1	3
16.4793589115	TCP	697	40	1	2
2.64999699593	ICMP	468	468	1	4
32.1104931831	UDP	462	490	1	3
0.565547943115	TCP	1207	40	2	2
5.51077413559	ICMP	554	554	1	4
12.0702450275	UDP	204	232	1	4
17.3308391571	TCP	794	40	1	2
39.6180830002	TCP	706	40	1	3
29.4995918274	TCP	751	40	1	3
10.1307039261	UDP	484	512	1	1
25.1006319523	ICMP	167	167	1	7
10.4581329823	UDP	744	576	1	4
36.001265049	ICMP	410	410	1	2
12.2023060322	UDP	618	576	1	5
8.96996593475	UDP	652	576	1	5
29.3360848427	ICMP	553	553	1	2
39.7689728737	TCP	158	40	1	2
9.75971913338	ICMP	567	567	1	1
9.0117521286	TCP	890	40	1	4
34.1475379467	TCP	502	40	1	1
7.12954688072	TCP	745	40	1	1
25.5726621151	UDP	559	576	1	3
39.8016059399	TCP	1008	40	1	2
12.419839859	TCP	169	40	1	4
19.6396989822	ICMP	650	650	1	4
27.8450889587	TCP	247	40	1	2
3.60921502113	ICMP	137	137	1	4
6.56842708588	TCP	1192	40	1	1
38.7922239304	TCP	289	40	1	3
35.7798559666	UDP	237	265	1	3
5.11925578117	TCP	884	40	1	7
16.2956130505	UDP	269	297	1	4
5.16967105865	ICMP	425	425	1	4
12.2467367649	UDP	782	576	1	3
13.9138710499	TCP	73	40	1	1
22.9677760601	TCP	904	40	1	7
37.0909371376	TCP	381	40	1	3
36.6994688511	ICMP	87	87	1	4
23.5412387848	TCP	1297	40	1	4
10.2398581505	TCP	476	40	1	3
17.5902671814	ICMP	707	707	1	4
8.43050217628	TCP	503	40	1	4
21.968613863	ICMP	65	65	1	2
24.4168429375	ICMP	448	448	1	4
38.4709129333	UDP	588	576	1	3
20.3179531097	TCP	376	40	1	4
34.1910681725	TCP	1123	40	1	3
8.75864911079	UDP	601	576	1	3
41.803622961	ICMP	315	315	1	1
27.3297970295	TCP	1340	40	1	4
19.0687141418	ICMP	501	501	1	2
31.3477549553	UDP	996	576	1	6
39.2937140465	ICMP	479	479	1	2
5.3311419487	UDP	232	260	1	4
31.2524499893	ICMP	144	144	1	1
7.4589869976	TCP	1274	40	1	3
35.4107248783	ICMP	157	157	1	3
26.5903069973	UDP	977	576	1	2
0.63795208931	TCP	386	40	2	2
35.2599549294	ICMP	502	502	1	2
17.0784399509	UDP	789	576	1	2
33.2794981003	TCP	740	40	1	3
39.6788079739	TCP	507	40	1	5
5.19974279404	TCP	116	40	1	2
36.7254958153	ICMP	574	574	1	2
34.943461895	ICMP	427	427	1	3
32.9536230564	UDP	413	441	1	1
4.70881509781	ICMP	638	638	1	3
1.42949104309	UDP	963	576	2	5
30.222741127	ICMP	698	698	1	7
11.6647839546	UDP	980	576	1	2
7.97950410843	TCP	740	40	1	4
9.79994678497	TCP	206	40	1	4
36.0801770687	TCP	605	40	1	2
0.669440031052	TCP	595	40	2	5
31.2796828747	TCP	150	40	1	3
25.0475540161	TCP	52	40	1	1
19.4995408058	ICMP	64	64	1	4
29.9495639801	TCP	77	40	1	4
7.68698596954	ICMP	80	80	1	4
9.23024606705	UDP	401	429	1	2
35.8079118729	ICMP	60	60	1	1
40.566092968	TCP	203	40	1	2
27.9517941475	UDP	81	109	1	2
10.7397499084	UDP	958	576	1	3
38.6884961128	TCP	289	40	1	6
27.4393470287	ICMP	497	497	1	4
16.205149889	UDP	499	527	1	1
9.83823204041	ICMP	76	76	1	2
30.5110149384	TCP	824	40	1	2
30.7721118927	TCP	1226	40	1	4
40.6322989464	ICMP	392	392	1	2
14.2796859741	TCP	249	40	1	3
9.47583508492	UDP	610	576	1	4
37.1524720192	ICMP	238	238	1	3
18.7810189724	UDP	900	576	1	3
1.60481214523	TCP	690	40	2	2
20.3399960995	TCP	278	40	1	3
19.6822991371	TCP	100	40	1	5
4.87237095833	ICMP	443	443	1	3
13.969547987	TCP	615	40	1	3
10.7525131702	TCP	604	40	1	3
10.5554759502	TCP	726	40	1	4
38.3122060299	ICMP	190	190	1	1
33.1996312141	TCP	1002	40	1	5
34.7062268257	TCP	467	40	1	5
24.3625359535	TCP	901	40	1	2
0.685793876648	TCP	797	40	2	4
36.0390298367	TCP	1320	40	1	4
8.71925401688	ICMP	369	369	1	3
34.6291439533	TCP	303	40	1	1
5.26915001869	ICMP	513	513	1	1
36.6494190693	ICMP	681	681	1	5
15.3137331009	ICMP	305	305	1	2
40.4994630814	ICMP	431	431	1	1
7.76620912552	TCP	430	40	1	2
5.20339393616	TCP	1062	40	1	2
1.54253005981	TCP	309	40	2	3
26.66817379	ICMP	424	424	1	2
23.6234340668	ICMP	616	616	1	4
33.3592560291	TCP	1090	40	1	3
35.7418649197	ICMP	569	569	1	3
16.1796751022	ICMP	327	327	1	4
38.5742549896	TCP	43	40	1	3
37.9058251381	TCP	441	40	1	3
4.06631588936	UDP	184	212	1	2
28.1397149563	ICMP	720	720	1	3
28.9688329697	TCP	694	40	1	3
23.390818119	ICMP	623	623	1	2
39.4633629322	TCP	334	40	1	3
37.119948864	UDP	610	576	1	1
34.9165041447	UDP	763	576	1	2
25.3195941448	TCP	1180	40	1	3
1.63476490974	ICMP	725	725	2	3
17.9398050308	ICMP	415	415	1	4
36.5941820145	TCP	458	40	1	3
39.9760448933	TCP	227	40	1	5
38.040199995	TCP	541	40	1	4
36.2242109776	TCP	553	40	1	4
1.80961203575	ICMP	533	533	2	7
32.7898600101	TCP	1204	40	1	3
12.4531981945	UDP	701	576	1	4
37.1291930676	TCP	908	40	1	5
36.5604000092	TCP	45	40	1	5
30.0843749046	UDP	45	73	1	3
28.4695971012	TCP	843	40	1	1
23.7093319893	TCP	644	40	1	3
37.4543979168	ICMP	660	660	1	5
37.3956620693	TCP	849	40	1	3
18.6940331459	TCP	1262	40	1	2
5.46929907799	ICMP	660	660	1	2
15.5716161728	ICMP	89	89	1	5
39.0296468735	TCP	846	40	1	2
41.4780211449	TCP	938	40	1	1
18.8922181129	TCP	392	40	1	2
1.33980894089	TCP	806	40	2	2
31.5911290646	ICMP	412	412	1	3
0.556296110153	TCP	472	40	2	3
40.528621912	TCP	570	40	1	2
40.3309621811	TCP	465	40	1	3
8.89414095879	TCP	557	40	1	2
7.54183292389	UDP	133	161	1	3
22.6855640411	UDP	652	576	1	1
35.4296479225	TCP	287	40	1	4
18.2593300343	ICMP	727	727	1	4
1.48980093002	ICMP	475	475	2	5
25.7906739712	ICMP	87	87	1	5
9.29391098022	TCP	497	40	1	6
12.0652780533	ICMP	234	234	1	6
27.8441030979	TCP	440	40	1	4
36.1900351048	TCP	681	40	1	3
32.1692140102	TCP	570	40	1	2
3.29425311089	TCP	401	40	1	5
6.921833992	TCP	265	40	1	3
25.1668629646	UDP	291	319	1	2
41.81533885	TCP	579	40	1	2
27.4688618183	ICMP	259	259	1	4
1.58197307587	TCP	575	40	2	4
43.8662369251	ICMP	393	393	1	1
34.7713930607	ICMP	205	205	1	1
36.2908539772	TCP	539	40	1	1
2.05381202698	UDP	587	576	1	3
0.939655780792	ICMP	303	303	2	7
26.0179719925	ICMP	402	402	1	2
16.2056400776	TCP	663	40	1	7
10.2097730637	ICMP	646	646	1	2
17.0818419456	ICMP	724	724	1	1
37.9520680904	TCP	1008	40	1	5
30.9651319981	ICMP	655	655	1	5
20.1860229969	TCP	293	40	1	3
1.6101231575	UDP	779	576	2	3
37.7713198662	TCP	333	40	1	3
34.4013569355	TCP	730	40	1	2
41.7188870907	TCP	572	40	1	4
30.4665288925	TCP	1121	40	1	3
28.9727108479	ICMP	468	468	1	4
9.68074297905	ICMP	425	425	1	2
2.58288288116	TCP	761	40	1	2
41.7293670177	ICMP	340	340	1	1
36.9502429962	ICMP	474	474	1	5
16.2894458771	TCP	760	40	1	1
40.050331831	ICMP	167	167	1	4
39.0638029575	TCP	850	40	1	3
34.2105500698	TCP	821	40	1	6
35.9102330208	ICMP	158	158	1	4
36.7679429054	TCP	1280	40	1	2
15.8471491337	ICMP	199	199	1	2
24.7289040089	TCP	447	40	1	4
0.606058120728	ICMP	699	699	2	2
2.32706904411	TCP	659	40	1	2
18.4726171494	ICMP	160	160	1	3
34.2182121277	UDP	611	576	1	3
31.9599349499	ICMP	410	410	1	1
5.83394789696	TCP	311	40	1	5
33.5422110558	TCP	813	40	1	3
6.36958003044	TCP	198	40	1	3
15.5123279095	UDP	181	209	1	2
1.57984614372	UDP	188	216	2	3
6.48935508728	TCP	919	40	1	3
24.2194128036	UDP	719	576	1	1
11.5994989872	TCP	467	40	1	2
22.4998660088	UDP	223	251	1	3
24.6702919006	TCP	574	40	1	5
18.9816789627	TCP	547	40	1	3
22.1964890957	ICMP	192	192	1	3
36.239623785	TCP	1202	40	1	2
23.0886900425	TCP	410	40	1	3
7.12979888916	ICMP	196	196	1	3
16.5746259689	TCP	933	40	1	6
3.71945881844	TCP	918	40	1	5
13.8317139149	TCP	314	40	1	2
32.8242969513	UDP	95	123	1	5
16.5984761715	TCP	91	40	1	2
39.354788065	TCP	180	40	1	2
0.647897005081	TCP	1010	40	2	6
13.4374849796	UDP	137	165	1	4
33.3604531288	TCP	1000	40	1	4
27.4705529213	TCP	872	40	1	4
17.6635160446	TCP	637	40	1	3
34.221339941	UDP	303	331	1	3
35.8998148441	ICMP	277	277	1	3
39.3799340725	UDP	175	203	1	2
37.9661979675	UDP	39	67	1	5
38.6875119209	ICMP	445	445	1	1
8.56093597412	UDP	580	576	1	2
25.5029678345	ICMP	314	314	1	3
42.6738820076	TCP	171	40	1	1
1.65933179855	ICMP	88	88	2	3
1.84634399414	TCP	540	40	2	5
7.53637003899	ICMP	485	485	1	6
0.772122859955	TCP	961	40	2	2
37.2228999138	TCP	1119	40	1	2
10.6395339966	TCP	1171	40	1	3
41.2881579399	UDP	681	576	1	1
31.3471839428	ICMP	644	644	1	1
39.8217830658	ICMP	629	629	1	2
42.4758429527	ICMP	340	340	1	4
21.3407781124	ICMP	111	111	1	4
9.40955805779	TCP	121	40	1	3
30.5690999031	TCP	1203	40	1	2
1.76885104179	TCP	1240	40	2	4
24.3804190159	TCP	335	40	1	1
18.4453091621	TCP	771	40	1	4
0.656002044678	TCP	377	40	2	2
40.669451952	ICMP	55	55	1	1
6.91123318672	TCP	1333	40	1	3
1.49900984764	TCP	1237	40	2	5
15.6064770222	TCP	805	40	1	4
35.9593307972	TCP	754	40	1	1
36.0933990479	UDP	317	345	1	3
12.9287488461	UDP	144	172	1	4
34.944204092	TCP	505	40	1	8
8.50270199776	UDP	713	576	1	4
10.3200969696	UDP	57	85	1	3
2.63559007645	ICMP	570	570	1	2
14.1425759792	TCP	167	40	1	2
27.6023879051	TCP	843	40	1	4
14.8008468151	TCP	476	40	1	4
4.22017097473	TCP	707	40	1	3
4.83307290077	TCP	1176	40	1	7
31.5286309719	TCP	418	40	1	1
22.5516898632	UDP	291	319	1	3
10.3572890759	UDP	572	576	1	4
0.735898017883	TCP	876	40	2	4
17.050369978	TCP	238	40	1	6
23.3211100101	ICMP	124	124	1	5
35.0152151585	TCP	426	40	1	3
1.09525084496	UDP	521	549	2	5
36.6946089268	TCP	1034	40	1	1
41.4987158775	ICMP	652	652	1	1
13.5093019009	TCP	111	40	1	2
36.5741629601	UDP	745	576	1	1
14.1601159573	TCP	807	40	1	2
28.089468956	TCP	1163	40	1	4
18.2797739506	UDP	940	576	1	2
23.4793159962	TCP	774	40	1	2
30.7830350399	ICMP	137	137	1	6
22.8902499676	ICMP	291	291	1	3
12.8533368111	TCP	286	40	1	3
22.5902459621	ICMP	541	541	1	2
26.1894040108	TCP	1035	40	1	2
6.83940291405	ICMP	294	294	1	4
29.5185918808	TCP	981	40	1	2
41.5882599354	ICMP	68	68	1	1
13.4693090916	ICMP	99	99	1	4
37.6718411446	UDP	678	576	1	1
8.25878500938	TCP	1161	40	1	1
31.2924001217	ICMP	179	179	1	3
42.149258852	TCP	287	40	1	1
39.6116771698	UDP	1009	576	1	5
36.9926018715	ICMP	210	210	1	2
17.4995610714	TCP	1168	40	1	3
3.03863596916	TCP	1205	40	1	2
31.4902729988	ICMP	39	39	1	2
0.291262865067	TCP	1176	40	2	5
2.06959319115	UDP	712	576	1	3
1.42915201187	UDP	76	104	2	6
15.2295269966	ICMP	57	57	1	2
3.88123178482	TCP	175	40	1	2
18.229321003	UDP	743	576	1	3
18.600151062	TCP	40	40	1	5
38.8500709534	UDP	683	576	1	3
25.5980408192	ICMP	528	528	1	2
39.5502579212	TCP	794	40	1	1
35.4191081524	ICMP	184	184	1	3
37.3192720413	ICMP	145	145	1	1
35.9844450951	TCP	404	40	1	2
0.574138879776	UDP	51	79	2	3
1.07908511162	ICMP	499	499	2	2
31.7800679207	ICMP	525	525	1	2
16.229418993	ICMP	376	376	1	4
17.3599939346	TCP	977	40	1	5
19.4040110111	TCP	1013	40	1	2
0.628844976425	TCP	1247	40	2	4
41.295156002	UDP	626	576	1	1
14.2485258579	TCP	794	40	1	4
41.4878900051	TCP	1163	40	1	4
26.4615869522	UDP	590	576	1	3
39.5691869259	UDP	142	170	1	2
8.17249488831	UDP	646	576	1	3
23.7906458378	ICMP	496	496	1	6
32.4498729706	ICMP	73	73	1	2
24.3900330067	UDP	113	141	1	3
28.5293929577	TCP	607	40	1	5
0.627174854279	TCP	299	40	2	4
4.81303596497	ICMP	73	73	1	1
14.3885118961	ICMP	244	244	1	2
38.0931081772	TCP	1222	40	1	5
9.03998279572	UDP	947	576	1	2
1.03872609138	UDP	966	576	2	2
5.4990439415	ICMP	466	466	1	1
40.3876497746	TCP	1222	40	1	3
29.0642831326	TCP	64	40	1	2
25.5195820332	TCP	478	40	1	4
17.8121368885	TCP	912	40	1	2
36.1654150486	TCP	1212	40	1	7
30.6098999977	UDP	654	576	1	2
43.0353798866	ICMP	122	122	1	2
9.65459394455	ICMP	393	393	1	4
28.0524659157	UDP	315	343	1	2
15.6205739975	UDP	936	576	1	5
4.40518689156	TCP	1116	40	1	4
4.5430958271	ICMP	122	122	1	2
41.4242799282	ICMP	496	496	1	1
13.0757269859	TCP	400	40	1	4
44.6691060066	ICMP	142	142	1	2
37.6052699089	TCP	811	40	1	2
19.173456192	TCP	607	40	1	2
44.1545181274	UDP	150	178	1	1
33.9864180088	UDP	125	153	1	1
36.9889688492	ICMP	213	213	1	6
38.6527810097	TCP	1029	40	1	3
11.3191521168	TCP	963	40	1	4
5.17952990532	TCP	1303	40	1	3
35.2196290493	ICMP	574	574	1	4
44.2398450375	TCP	153	40	1	2
43.1496679783	TCP	867	40	1	2
37.7482800484	TCP	1178	40	1	3
42.5904951096	ICMP	88	88	1	1
27.8857779503	TCP	1016	40	1	2
32.7639069557	ICMP	437	437	1	1
8.23035693169	ICMP	540	540	1	4
37.1803081036	UDP	234	262	1	3
7.39273810387	TCP	229	40	1	2
16.8091259003	TCP	786	40	1	3
21.4226009846	TCP	1135	40	1	1
36.5602340698	ICMP	58	58	1	1
35.7277300358	TCP	345	40	1	4
38.8408019543	UDP	96	124	1	1
30.5168669224	ICMP	375	375	1	2
25.9753818512	ICMP	266	266	1	3
19.2698290348	TCP	825	40	1	2
5.61630892754	UDP	127	155	1	1
3.02061295509	ICMP	133	133	1	2
32.5457010269	TCP	729	40	1	4
38.9583890438	TCP	798	40	1	5
40.7455751896	TCP	731	40	1	2
1.41893696785	TCP	265	40	2	5
0.917863845825	UDP	823	576	2	2
13.6492600441	TCP	83	40	1	3
19.497579813	TCP	1027	40	1	2
28.9698050022	UDP	704	576	1	1
4.7830748558	ICMP	240	240	1	4
9.19972801208	UDP	367	395	1	3
34.3495388031	UDP	999	576	1	3
40.8726050854	UDP	381	409	1	1
42.6505329609	TCP	111	40	1	2
16.9500801563	UDP	693	576	1	1
13.1020710468	TCP	1217	40	1	1
3.99252295494	TCP	843	40	1	4
21.8794620037	TCP	318	40	1	2
41.8704459667	ICMP	674	674	1	1
4.1761610508	TCP	45	40	1	2
10.7457640171	ICMP	670	670	1	5
36.9458489418	UDP	954	576	1	3
30.2052111626	ICMP	213	213	1	2
43.0015890598	UDP	426	454	1	1
12.8489749432	ICMP	540	540	1	3
2.85385417938	TCP	1230	40	1	4
0.6292719841	ICMP	474	474	2	6
12.6688759327	TCP	1187	40	1	4
37.9733860493	TCP	902	40	1	2
24.5597679615	TCP	1154	40	1	2
3.53715109825	TCP	1286	40	1	4
19.4157540798	ICMP	164	164	1	4
18.921131134	ICMP	56	56	1	5
9.39895296097	TCP	854	40	1	3
32.0097870827	UDP	292	320	1	2
9.3669989109	UDP	869	576	1	5
30.121019125	TCP	1312	40	1	4
35.402397871	UDP	999	576	1	7
0.625108957291	ICMP	709	709	2	2
37.2091228962	ICMP	153	153	1	2
14.1404459476	ICMP	371	371	1	5
40.5485289097	UDP	914	576	1	1
31.4844801426	TCP	419	40	1	4
4.89384794235	UDP	629	576	1	3
42.8377230167	UDP	992	576	1	1
7.60444712639	TCP	958	40	1	2
7.13928508759	UDP	202	230	1	1
19.259305954	TCP	272	40	1	4
38.5055530071	UDP	660	576	1	1
6.1153550148	TCP	582	40	1	4
1.73028707504	TCP	157	40	2	2
30.6714580059	TCP	687	40	1	1
40.8812978268	UDP	286	314	1	3
37.4011998177	TCP	906	40	1	3
42.1357829571	TCP	735	40	1	2
28.6998519897	TCP	111	40	1	2
39.5219020844	TCP	692	40	1	1
12.4292008877	TCP	719	40	1	3
4.58074307442	TCP	1164	40	1	2
8.57935905457	TCP	552	40	1	4
9.99983000755	TCP	1308	40	1	3
22.2388670444	TCP	98	40	1	3
0.759264945984	UDP	183	211	2	6
3.14967989922	TCP	274	40	1	3
17.1994919777	TCP	875	40	1	4
29.1496078968	TCP	362	40	1	1
11.4395301342	ICMP	418	418	1	4
33.0000519753	ICMP	327	327	1	5
35.5677268505	TCP	936	40	1	3
6.0295009613	UDP	811	576	1	1
34.7229750156	TCP	321	40	1	1
39.7306110859	UDP	118	146	1	1
33.5371639729	ICMP	553	553	1	3
24.9698591232	ICMP	301	301	1	3
33.8204329014	ICMP	330	330	1	2
35.9973330498	TCP	1308	40	1	5
18.8304460049	TCP	391	40	1	3
21.2690010071	ICMP	540	540	1	6
36.9945380688	TCP	152	40	1	4
0.151053905487	TCP	648	40	2	2
15.5129930973	ICMP	356	356	1	1
0.745244979858	ICMP	413	413	2	4
5.18966007233	TCP	196	40	1	3
27.8214480877	UDP	854	576	1	3
21.6740839481	TCP	405	40	1	2
35.3386311531	UDP	624	576	1	1
2.38039398193	UDP	787	576	1	2
1.77423405647	ICMP	581	581	2	3
30.266409874	TCP	777	40	1	4
2.09137415886	UDP	724	576	1	3
18.0575199127	TCP	1270	40	1	2
7.48802185059	TCP	186	40	1	3
27.5700559616	ICMP	678	678	1	2
42.6265900135	UDP	738	576	1	2
40.1435639858	TCP	277	40	1	1
10.0796229839	TCP	488	40	1	1
7.06865286827	TCP	789	40	1	4
34.7296369076	ICMP	286	286	1	4
35.8102447987	TCP	132	40	1	4
12.8106930256	ICMP	149	149	1	1
26.9398601055	TCP	1106	40	1	4
29.1076071262	ICMP	726	726	1	3
35.6861951351	ICMP	447	447	1	2
1.32100510597	ICMP	263	263	2	4
34.1599309444	TCP	623	40	1	1
40.1245310307	UDP	298	326	1	1
43.1455199718	TCP	1279	40	1	2
38.5442738533	TCP	43	40	1	3
24.1104230881	TCP	249	40	1	1
29.5696079731	UDP	744	576	1	2
38.8696920872	UDP	859	576	1	3
38.1260790825	ICMP	539	539	1	3
39.7141940594	UDP	201	229	1	2
40.5067899227	ICMP	383	383	1	2
33.9998869896	ICMP	359	359	1	6
20.840034008	ICMP	142	142	1	2
38.8100790977	UDP	398	426	1	1
32.5228309631	TCP	814	40	1	5
40.549587965	TCP	754	40	1	2
43.4431400299	TCP	780	40	1	1
23.5721950531	TCP	1158	40	1	2
0.448944091797	TCP	141	40	2	2
36.339922905	ICMP	649	649	1	3
31.1930820942	TCP	485	40	1	1
37.451059103	TCP	1253	40	1	3
12.7223079205	TCP	1213	40	1	1
33.4616279602	TCP	898	40	1	4
42.0998709202	TCP	807	40	1	2
28.8799479008	TCP	1330	40	1	2
17.7299420834	ICMP	575	575	1	9
16.9204800129	UDP	860	576	1	4
22.8501341343	TCP	769	40	1	2
19.5546910763	ICMP	712	712	1	2
21.9344921112	UDP	937	576	1	2
31.6313490868	TCP	384	40	1	3
19.7409849167	TCP	910	40	1	1
1.82289004326	ICMP	471	471	2	4
31.07549119	ICMP	543	543	1	3
13.6626391411	TCP	804	40	1	2
0.860746860504	ICMP	321	321	2	2
17.4895050526	ICMP	435	435	1	4
21.9740588665	UDP	986	576	1	3
25.5701749325	UDP	133	161	1	3
39.9097640514	TCP	1226	40	1	2
31.5651760101	TCP	1089	40	1	2
23.6393339634	TCP	871	40	1	1
28.3258681297	UDP	419	447	1	5
0.392913103104	ICMP	514	514	2	3
24.6637420654	ICMP	124	124	1	5
0.363811016083	TCP	1091	40	2	3
24.9338929653	UDP	800	576	1	3
16.46220994	ICMP	676	676	1	3
20.3600280285	ICMP	684	684	1	2
37.9978089333	TCP	365	40	1	2
35.4291069508	UDP	647	576	1	3
2.01923584938	UDP	965	576	1	3
41.5184519291	TCP	450	40	1	3
16.8716828823	TCP	991	40	1	1
40.0723121166	ICMP	289	289	1	1
27.8194279671	ICMP	643	643	1	3
41.2301819324	TCP	531	40	1	5
19.4705760479	UDP	469	497	1	6
1.41108608246	TCP	1292	40	2	6
2.4909889698	TCP	323	40	1	4
37.1698760986	UDP	216	244	1	3
39.3340380192	TCP	1147	40	1	2
4.72023797035	UDP	558	576	1	2
14.7546670437	TCP	689	40	1	4
38.5441141129	ICMP	468	468	1	3
6.06018304825	TCP	190	40	1	2
27.1468458176	TCP	1047	40	1	3
32.2578771114	TCP	1320	40	1	3
20.8560190201	TCP	419	40	1	3
39.9373719692	TCP	634	40	1	1
0.181421995163	TCP	57	40	2	2
39.7907779217	TCP	933	40	1	2
7.43182396889	TCP	1227	40	1	1
32.4045519829	TCP	182	40	1	4
12.992661953	TCP	363	40	1	3
24.529856205	TCP	1179	40	1	1
37.9100308418	TCP	866	40	1	4
1.36957383156	TCP	896	40	2	3
3.00310993195	TCP	987	40	1	1
16.8095841408	TCP	1071	40	1	3
0.75136089325	TCP	493	40	2	2
35.9140629768	ICMP	367	367	1	3
38.9198451042	TCP	490	40	1	1
35.8540220261	UDP	920	576	1	2
34.349722147	TCP	443	40	1	2
13.0503070354	UDP	970	576	1	3
18.2108500004	ICMP	418	418	1	2
17.7680969238	TCP	540	40	1	1
23.3459300995	ICMP	595	595	1	2
33.0488741398	TCP	1293	40	1	5
1.63965988159	TCP	175	40	2	8
6.73759317398	ICMP	439	439	1	3
35.5102059841	UDP	1022	576	1	2
10.2974870205	UDP	608	576	1	4
19.3598740101	TCP	478	40	1	5
19.2395849228	TCP	976	40	1	4
23.4033880234	UDP	61	89	1	2
1.10627603531	ICMP	342	342	2	2
7.55229496956	UDP	482	510	1	4
22.011038065	TCP	64	40	1	4
43.3702511787	ICMP	315	315	1	1
7.00317192078	ICMP	65	65	1	3
39.6737170219	TCP	105	40	1	5
41.0345101357	UDP	851	576	1	2
11.8377799988	UDP	883	576	1	2
24.7663640976	ICMP	697	697	1	1
44.959389925	ICMP	191	191	1	1
32.5430459976	UDP	524	552	1	4
0.5443110466	TCP	123	40	2	2
32.6129100323	UDP	40	68	1	6
38.823636055	TCP	564	40	1	3
10.4497368336	ICMP	654	654	1	5
4.97949910164	TCP	337	40	1	1
7.86354899406	UDP	1014	576	1	1
17.3695549965	ICMP	175	175	1	3
22.0092060566	ICMP	173	173	1	2
37.5748898983	TCP	759	40	1	2
40.675894022	TCP	748	40	1	2
40.861686945	TCP	977	40	1	1
37.2089390755	TCP	140	40	1	3
33.4643468857	TCP	256	40	1	3
32.0584731102	TCP	750	40	1	1
3.63993287086	ICMP	268	268	1	2
11.1098399162	UDP	402	430	1	2
39.864317894	TCP	84	40	1	2
22.0791988373	TCP	254	40	1	2
15.6597809792	TCP	842	40	1	3
32.6847100258	TCP	708	40	1	1
41.324203968	TCP	932	40	1	1
38.0692260265	TCP	814	40	1	2
31.4299609661	TCP	644	40	1	3
31.3098599911	TCP	627	40	1	2
37.1147129536	TCP	145	40	1	6
36.8600819111	TCP	337	40	1	4
22.1262078285	UDP	258	286	1	2
21.5191159248	ICMP	306	306	1	2
10.0303711891	TCP	482	40	1	3
7.33682799339	ICMP	287	287	1	3
16.2195060253	TCP	1170	40	1	2
3.1958501339	TCP	395	40	1	5
40.8564999104	TCP	1169	40	1	2
34.8350949287	ICMP	473	473	1	4
32.2902879715	ICMP	544	544	1	4
15.0402519703	TCP	1123	40	1	1
39.7095911503	TCP	291	40	1	3
1.70044994354	ICMP	330	330	2	8
24.0669159889	TCP	631	40	1	3
36.8271820545	TCP	645	40	1	3
2.33056807518	ICMP	462	462	1	2
2.69951701164	ICMP	543	543	1	2
18.6491971016	TCP	282	40	1	2
39.6624479294	TCP	422	40	1	2
35.4279780388	ICMP	725	725	1	4
4.14933300018	ICMP	243	243	1	2
1.62975120544	UDP	502	530	2	4
8.08652210236	ICMP	403	403	1	3
13.5393760204	TCP	530	40	1	3
35.1286120415	TCP	1126	40	1	2
37.0206930637	UDP	866	576	1	2
35.2689881325	ICMP	141	141	1	5
0.458513975143	ICMP	133	133	2	4
8.12967300415	TCP	614	40	1	3
13.2474589348	TCP	473	40	1	2
33.6596758366	TCP	431	40	1	1
0.363261938095	UDP	672	576	2	2
31.9893071651	TCP	842	40	1	7
12.7949540615	UDP	957	576	1	3
24.3929522038	TCP	799	40	1	2
23.4919359684	ICMP	593	593	1	4
28.028470993	TCP	1034	40	1	4
39.2650470734	TCP	651	40	1	2
27.3100059032	TCP	995	40	1	4
24.9301669598	UDP	744	576	1	1
29.8323369026	ICMP	291	291	1	2
41.1351881027	TCP	952	40	1	1
35.8349590302	TCP	329	40	1	4
37.4161028862	TCP	1115	40	1	5
42.9964950085	ICMP	537	537	1	2
36.9477360249	UDP	824	576	1	5
41.6591458321	ICMP	304	304	1	5
32.2902240753	TCP	290	40	1	6
21.7978658676	TCP	414	40	1	3
1.06484699249	ICMP	282	282	2	7
9.60162591934	TCP	1330	40	1	3
6.68064403534	UDP	977	576	1	1
35.6814339161	TCP	54	40	1	1
13.3725841045	TCP	1167	40	1	2
34.7398529053	TCP	569	40	1	3
38.7200758457	TCP	487	40	1	2
37.2026679516	TCP	585	40	1	2
31.3697240353	TCP	765	40	1	5
1.33727693558	ICMP	656	656	2	2
34.9063568115	TCP	832	40	1	3
37.9225180149	UDP	932	576	1	6
28.1296908855	TCP	720	40	1	3
36.3867518902	ICMP	323	323	1	2
12.6103191376	TCP	381	40	1	3
35.9448418617	TCP	1084	40	1	4
8.42593407631	ICMP	395	395	1	4
0.612101793289	ICMP	456	456	2	7
2.19675898552	ICMP	687	687	1	3
41.4262239933	UDP	115	143	1	1
8.24973297119	TCP	830	40	1	3
37.1591339111	ICMP	307	307	1	4
0.379739046097	TCP	1282	40	2	5
37.1005759239	TCP	972	40	1	3
40.7210249901	ICMP	548	548	1	1
39.8008480072	TCP	118	40	1	3
34.3203680515	TCP	628	40	1	5
0.575958967209	UDP	736	576	2	4
30.5102441311	TCP	290	40	1	3
6.62915205956	TCP	1100	40	1	3
24.1311209202	ICMP	377	377	1	3
23.3605971336	UDP	367	395	1	3
19.6401860714	TCP	597	40	1	3
13.7294619083	TCP	466	40	1	2
40.6127610207	TCP	912	40	1	1
2.56988406181	ICMP	304	304	1	3
19.0292670727	TCP	709	40	1	1
27.3998129368	TCP	908	40	1	3
40.8309719563	TCP	519	40	1	5
37.2335338593	TCP	1327	40	1	4
43.0654931068	ICMP	554	554	1	1
39.4688940048	ICMP	347	347	1	5
14.9776439667	ICMP	406	406	1	3
24.3800718784	ICMP	487	487	1	3
23.5518980026	ICMP	264	264	1	4
1.06963896751	TCP	338	40	2	4
6.60472798347	UDP	1021	576	1	2
3.13696098328	TCP	999	40	1	1
8.06942677498	TCP	603	40	1	4
10.8686261177	TCP	734	40	1	3
41.9888231754	ICMP	674	674	1	3
33.8676590919	UDP	701	576	1	2
38.0528078079	ICMP	142	142	1	4
40.043348074	ICMP	240	240	1	3
26.615185976	ICMP	528	528	1	4
37.9016189575	ICMP	727	727	1	1
31.1154139042	UDP	362	390	1	3
14.0039539337	TCP	944	40	1	2
27.9809260368	UDP	606	576	1	3
22.3667089939	ICMP	703	703	1	2
39.5999240875	TCP	969	40	1	1
11.378898859	TCP	1170	40	1	3
37.6001420021	ICMP	216	216	1	1
40.1796889305	TCP	205	40	1	3
13.1200420856	UDP	98	126	1	2
34.6685469151	TCP	626	40	1	5
10.9865701199	TCP	200	40	1	2
39.3811149597	UDP	969	576	1	5
6.79994797707	ICMP	578	578	1	5
15.2672848701	ICMP	274	274	1	3
13.6851320267	ICMP	140	140	1	2
0.659325122833	TCP	887	40	2	5
7.76170992851	UDP	798	576	1	2
17.1827671528	TCP	650	40	1	6
33.5604910851	ICMP	238	238	1	4
25.2808449268	TCP	1190	40	1	3
39.3211669922	UDP	696	576	1	1
3.80027389526	TCP	276	40	1	3
20.4663279057	TCP	833	40	1	3
22.7996308804	UDP	621	576	1	3
36.5557341576	TCP	1228	40	1	2
16.1095678806	ICMP	101	101	1	2
30.0362079144	TCP	845	40	1	3
5.95958399773	ICMP	383	383	1	3
6.36183691025	TCP	1182	40	1	3
39.8516919613	ICMP	380	380	1	1
15.1588151455	TCP	909	40	1	1
3.10025691986	TCP	693	40	1	5
9.44893789291	ICMP	500	500	1	3
3.50824213028	TCP	583	40	1	1
23.3868811131	ICMP	445	445	1	2
34.6328599453	TCP	189	40	1	3
33.0693070889	ICMP	424	424	1	4
36.5963871479	TCP	914	40	1	2
6.18963003159	ICMP	636	636	1	5
37.1477138996	ICMP	566	566	1	4
2.7495598793	TCP	901	40	1	1
3.73434305191	TCP	1042	40	1	5
19.8580048084	ICMP	395	395	1	1
37.5801670551	TCP	1014	40	1	1
35.7952408791	ICMP	661	661	1	5
31.2602720261	TCP	992	40	1	2
43.5804200172	ICMP	93	93	1	1
1.02001404762	ICMP	450	450	2	6
39.9538619518	TCP	45	40	1	1
11.7995290756	ICMP	373	373	1	3
35.5598959923	ICMP	415	415	1	5
18.3793568611	ICMP	433	433	1	3
35.3101129532	ICMP	281	281	1	3
27.2285192013	TCP	1061	40	1	3
29.9907031059	UDP	473	501	1	1
35.5400440693	TCP	951	40	1	1
6.32005214691	UDP	527	555	1	4
33.1328308582	ICMP	59	59	1	3
8.6299431324	ICMP	28	28	1	2
7.66935706139	TCP	1240	40	1	3
18.9318640232	TCP	1261	40	1	3
33.2025699615	TCP	1036	40	1	5
39.2622449398	ICMP	40	40	1	2
38.6006340981	ICMP	193	193	1	1
0.375507116318	ICMP	508	508	2	2
36.7397370338	TCP	1138	40	1	1
35.7406208515	TCP	103	40	1	4
8.09837007523	ICMP	289	289	1	2
19.7892739773	UDP	317	345	1	1
39.2890841961	ICMP	377	377	1	3
22.5595068932	ICMP	637	637	1	1
22.8676109314	ICMP	467	467	1	4
4.73635792732	TCP	631	40	1	5
22.9114348888	UDP	992	576	1	5
5.60103392601	TCP	957	40	1	2
25.4468500614	UDP	400	428	1	3
11.2576551437	TCP	380	40	1	2
30.9300661087	TCP	623	40	1	5
37.6354780197	ICMP	192	192	1	3
27.5300750732	TCP	575	40	1	3
41.0916349888	UDP	370	398	1	2
31.9522750378	TCP	436	40	1	2
0.624972105026	TCP	496	40	2	2
37.6503129005	UDP	492	520	1	2
7.04721307755	ICMP	530	530	1	7
31.2138049603	UDP	263	291	1	2
29.6887700558	TCP	941	40	1	3
14.8276371956	TCP	380	40	1	4
24.3723399639	TCP	963	40	1	4
41.6192429066	TCP	152	40	1	2
14.2799229622	TCP	815	40	1	2
42.4591989517	TCP	1060	40	1	2
23.43917799	TCP	1161	40	1	2
35.939551115	TCP	742	40	1	2
22.4102230072	TCP	393	40	1	2
44.1393990517	ICMP	403	403	1	3
23.3017220497	ICMP	152	152	1	3
6.20948195457	TCP	497	40	1	4
37.4945828915	ICMP	503	503	1	1
2.82951903343	ICMP	197	197	1	3
40.3311369419	TCP	1288	40	1	2
30.1493601799	TCP	987	40	1	3
20.9954688549	TCP	420	40	1	3
21.5261449814	TCP	85	40	1	2
0.9916639328	ICMP	626	626	2	5
39.0715451241	TCP	497	40	1	1
22.680588007	TCP	851	40	1	2
10.8403599262	UDP	298	326	1	2
10.5495598316	ICMP	36	36	1	1
11.1069259644	TCP	941	40	1	3
34.1644620895	TCP	754	40	1	2
32.9807469845	ICMP	724	724	1	2
22.0181591511	UDP	741	576	1	3
19.0116360188	TCP	1287	40	1	3
20.9613370895	ICMP	205	205	1	3
0.763332128525	TCP	1289	40	2	5
10.8600668907	UDP	885	576	1	3
7.02296280861	TCP	989	40	1	3
1.26929783821	TCP	804	40	2	5
38.6073970795	TCP	350	40	1	2
1.05427193642	TCP	240	40	2	7
41.1090888977	TCP	794	40	1	4
1.76691603661	UDP	326	354	2	7
15.6182250977	ICMP	131	131	1	2
23.9413249493	TCP	923	40	1	3
10.112580061	TCP	1319	40	1	3
5.4138379097	UDP	833	576	1	2
4.92382788658	TCP	924	40	1	4
3.37065005302	TCP	491	40	1	2
15.8998160362	ICMP	229	229	1	2
16.3143570423	ICMP	428	428	1	2
21.2156369686	TCP	751	40	1	3
29.3304867744	UDP	546	574	1	2
41.1030972004	ICMP	452	452	1	2
24.9506921768	UDP	402	430	1	4
29.8756740093	TCP	1221	40	1	3
0.484382152557	TCP	913	40	2	4
16.5891740322	TCP	1118	40	1	4
23.7134869099	ICMP	344	344	1	3
0.228413105011	UDP	174	202	2	2
32.2800471783	ICMP	127	127	1	5
10.7637398243	TCP	1166	40	1	4
22.3213670254	TCP	881	40	1	4
34.0613398552	ICMP	312	312	1	2
38.9388320446	TCP	1027	40	1	1
3.18941712379	ICMP	451	451	1	3
40.6278011799	UDP	1002	576	1	1
35.3132450581	TCP	365	40	1	4
28.6498441696	TCP	101	40	1	3
41.1495509148	ICMP	574	574	1	2
23.6941399574	ICMP	83	83	1	1
9.49178290367	TCP	968	40	1	1
38.2506511211	UDP	920	576	1	1
42.3173508644	ICMP	529	529	1	3
38.8729391098	ICMP	654	654	1	2
40.7890520096	TCP	1077	40	1	1
31.8444681168	UDP	1006	576	1	5
33.64975214	TCP	1062	40	1	2
32.4806320667	TCP	452	40	1	5
29.3803920746	TCP	715	40	1	3
22.8056890965	TCP	354	40	1	2
10.1096510887	ICMP	269	269	1	5
41.8762359619	UDP	887	576	1	1
39.8319129944	TCP	430	40	1	3
16.8716268539	TCP	95	40	1	2
39.0259411335	TCP	1234	40	1	2
26.2994129658	TCP	1155	40	1	3
8.39556789398	TCP	625	40	1	1
15.9031529427	TCP	1305	40	1	4
30.9200520515	TCP	261	40	1	3
41.8687911034	TCP	829	40	1	2
19.9814639091	TCP	143	40	1	3
22.3500649929	TCP	572	40	1	2
37.0045080185	TCP	786	40	1	2
25.2740979195	UDP	900	576	1	4
5.28004813194	TCP	356	40	1	1
1.59198999405	TCP	385	40	2	3
1.08920383453	ICMP	370	370	2	4
41.2376439571	ICMP	539	539	1	3
5.14161586761	ICMP	448	448	1	2
0.778015136719	TCP	857	40	2	4
39.8400280476	ICMP	474	474	1	1
0.593641996384	ICMP	73	73	2	4
0.53941321373	TCP	575	40	2	3
37.6329271793	TCP	369	40	1	2
13.8798151016	TCP	608	40	1	1
38.7412838936	ICMP	609	609	1	2
21.9099059105	ICMP	606	606	1	3
17.1698708534	TCP	761	40	1	5
42.0696349144	UDP	905	576	1	1
24.3515920639	UDP	930	576	1	2
34.4477820396	UDP	946	576	1	5
42.3880090714	TCP	844	40	1	1
40.2530870438	TCP	1282	40	1	3
19.8502600193	TCP	722	40	1	1
37.0794980526	TCP	958	40	1	3
1.42812991142	UDP	500	528	2	2
10.6291589737	TCP	1130	40	1	2
36.8021190166	UDP	610	576	1	1
25.514193058	UDP	715	576	1	4
14.3014080524	ICMP	399	399	1	2
36.2465760708	UDP	282	310	1	4
30.320567131	UDP	675	576	1	8
10.4498000145	ICMP	728	728	1	3
32.2717008591	TCP	769	40	1	6
41.2466118336	TCP	658	40	1	1
35.9013419151	TCP	655	40	1	2
28.4248878956	TCP	290	40	1	3
35.2009959221	ICMP	169	169	1	5
39.069729805	ICMP	722	722	1	3
8.28169608116	UDP	230	258	1	4
37.1055519581	TCP	1151	40	1	1
27.0064129829	UDP	799	576	1	2
6.70002293587	ICMP	155	155	1	4
18.2702269554	TCP	214	40	1	1
38.6653831005	ICMP	365	365	1	3
18.0306100845	UDP	977	576	1	3
37.6090099812	ICMP	675	675	1	4
31.4916679859	TCP	570	40	1	1
15.2073891163	UDP	465	493	1	5
33.7796828747	TCP	986	40	1	1
33.0295779705	ICMP	670	670	1	2
28.6094889641	TCP	835	40	1	5
42.4750440121	ICMP	418	418	1	4
33.3657400608	ICMP	92	92	1	4
39.0449938774	TCP	902	40	1	2
17.4652540684	TCP	726	40	1	3
37.3115680218	TCP	47	40	1	4
41.5183811188	TCP	313	40	1	4
35.0093290806	UDP	676	576	1	5
30.2795059681	TCP	924	40	1	2
42.0236029625	TCP	56	40	1	2
27.4088180065	TCP	619	40	1	1
36.3828730583	TCP	1201	40	1	2
29.662801981	ICMP	288	288	1	3
37.2821149826	UDP	792	576	1	2
35.0704078674	UDP	855	576	1	2
6.72956204414	ICMP	313	313	1	5
15.2236568928	TCP	269	40	1	6
39.7737278938	TCP	907	40	1	1
30.7130439281	TCP	898	40	1	2
13.9994080067	TCP	747	40	1	3
7.71997308731	TCP	844	40	1	3
35.6392099857	ICMP	194	194	1	2
39.1553180218	TCP	736	40	1	4
44.6702561378	TCP	956	40	1	1
12.8795809746	ICMP	487	487	1	4
30.7749838829	ICMP	472	472	1	2
32.4486670494	TCP	592	40	1	5
20.2674651146	TCP	306	40	1	3
28.0298600197	TCP	373	40	1	2
23.200699091	TCP	818	40	1	1
12.7621848583	TCP	171	40	1	2
30.9094669819	TCP	1148	40	1	3
29.549913168	UDP	298	326	1	5
33.0714921951	ICMP	515	515	1	4
7.21654105186	ICMP	418	418	1	1
14.87246418	TCP	317	40	1	5
6.06306385994	TCP	1147	40	1	4
16.1199100018	ICMP	621	621	1	2
24.8059930801	ICMP	470	470	1	3
0.970585823059	ICMP	70	70	2	5
31.4241549969	ICMP	157	157	1	1
32.0616548061	TCP	1315	40	1	6
36.26989007	TCP	134	40	1	1
42.8679280281	TCP	118	40	1	1
32.5660068989	ICMP	212	212	1	5
21.4100708961	ICMP	609	609	1	4
33.0203940868	ICMP	678	678	1	1
31.7269458771	ICMP	504	504	1	2
12.2364442348	ICMP	567	567	1	5
27.0092291832	ICMP	633	633	1	2
38.1679561138	TCP	262	40	1	2
1.63115406036	UDP	95	123	2	2
36.7845349312	TCP	669	40	1	1
12.7947659492	UDP	246	274	1	4
11.0753679276	TCP	800	40	1	2
41.0911078453	UDP	774	576	1	2
0.549739122391	ICMP	260	260	2	2
1.32549500465	TCP	440	40	2	2
12.3374819756	ICMP	646	646	1	1
12.8603410721	TCP	146	40	1	5
4.67700099945	ICMP	465	465	1	4
15.6031439304	ICMP	366	366	1	3
33.0963950157	ICMP	306	306	1	2
10.7998480797	ICMP	630	630	1	4
28.0314850807	TCP	747	40	1	2
44.6799998283	ICMP	458	458	1	1
38.5893208981	TCP	87	40	1	5
40.7732901573	UDP	44	72	1	2
9.63167691231	TCP	711	40	1	1
39.6691970825	TCP	56	40	1	4
36.406370163	ICMP	308	308	1	8
26.4918169975	TCP	571	40	1	2
2.44984006882	TCP	111	40	1	2
5.39665913582	TCP	996	40	1	4
0.721560955048	UDP	231	259	2	2
34.6322131157	TCP	353	40	1	4
40.2584140301	TCP	877	40	1	1
1.9237549305	ICMP	242	242	2	2
27.7198221684	ICMP	275	275	1	3
4.95050382614	TCP	970	40	1	2
13.6903870106	ICMP	450	450	1	4
38.770375967	ICMP	203	203	1	1
3.21295309067	UDP	433	461	1	4
41.5830488205	TCP	1063	40	1	5
1.76718592644	TCP	551	40	2	4
39.6161980629	TCP	731	40	1	1
9.0877699852	ICMP	372	372	1	1
26.2803299427	TCP	1027	40	1	6
30.8350279331	ICMP	166	166	1	2
25.8607978821	UDP	319	347	1	2
33.0667691231	ICMP	374	374	1	4
27.651143074	TCP	179	40	1	1
14.8219630718	ICMP	72	72	1	3
37.6205990314	TCP	595	40	1	1
0.419323921204	UDP	882	576	2	4
12.9961121082	TCP	587	40	1	3
25.1491219997	ICMP	289	289	1	4
38.9791789055	ICMP	215	215	1	2
39.3946559429	ICMP	305	305	1	1
33.375688076	TCP	860	40	1	3
32.7389121056	ICMP	694	694	1	3
1.15921807289	TCP	109	40	2	4
38.9592590332	ICMP	159	159	1	3
35.9588348866	ICMP	524	524	1	6
1.29927396774	ICMP	83	83	2	4
0.604248046875	TCP	878	40	2	3
7.02567005157	ICMP	282	282	1	2
44.2476089001	TCP	57	40	1	1
6.3790140152	TCP	1010	40	1	4
24.3902328014	TCP	431	40	1	2
27.763117075	TCP	805	40	1	4
8.65390014648	TCP	824	40	1	2
39.9199991226	TCP	1178	40	1	2
34.0393140316	ICMP	67	67	1	1
39.1413221359	UDP	372	400	1	2
38.1507701874	UDP	296	324	1	1
12.0694630146	ICMP	331	331	1	2
3.97975611687	UDP	478	506	1	1
8.60441493988	ICMP	455	455	1	3
5.6781539917	ICMP	163	163	1	2
34.106169939	TCP	81	40	1	5
35.4722139835	ICMP	111	111	1	1
13.7203640938	ICMP	399	399	1	3
21.6689748764	TCP	352	40	1	2
7.99269604683	TCP	699	40	1	4
40.7900679111	ICMP	581	581	1	2
39.2372119427	TCP	158	40	1	2
14.5127129555	TCP	979	40	1	3
11.0696280003	ICMP	617	617	1	2
27.3629319668	ICMP	442	442	1	4
37.3119318485	ICMP	245	245	1	4
4.41584992409	UDP	380	408	1	2
2.62988495827	UDP	563	576	1	2
17.1302947998	UDP	186	214	1	2
21.7353510857	TCP	1061	40	1	5
17.8791179657	TCP	121	40	1	4
39.9828078747	ICMP	430	430	1	1
40.2168588638	TCP	546	40	1	1
40.9614830017	TCP	940	40	1	1
21.7730698586	ICMP	625	625	1	3
6.38202810287	TCP	1072	40	1	1
10.3046131134	TCP	1136	40	1	4
41.1033608913	UDP	744	576	1	2
6.71957492828	ICMP	690	690	1	2
8.02937722206	UDP	312	340	1	1
26.3399651051	TCP	953	40	1	5
7.59947896004	TCP	747	40	1	2
0.704720973969	UDP	607	576	2	2
34.5247249603	ICMP	363	363	1	2
18.9092521667	TCP	896	40	1	3
36.2689230442	ICMP	62	62	1	4
38.0014519691	ICMP	576	576	1	5
13.3995740414	TCP	742	40	1	3
32.9515841007	TCP	917	40	1	3
6.35001516342	ICMP	326	326	1	3
27.530436039	UDP	647	576	1	2
35.21519804	UDP	407	435	1	3
35.589938879	ICMP	616	616	1	4
34.9356780052	ICMP	391	391	1	4
0.294462919235	TCP	666	40	2	4
27.4167420864	TCP	1267	40	1	3
36.7404282093	TCP	1288	40	1	2
9.81956219673	TCP	1070	40	1	3
16.0479550362	ICMP	203	203	1	3
13.1197760105	TCP	740	40	1	4
28.9306299686	TCP	65	40	1	3
4.38762998581	TCP	57	40	1	2
11.0305969715	TCP	1265	40	1	2
1.05975699425	TCP	503	40	2	3
19.6790649891	ICMP	716	716	1	5
0.615514993668	TCP	602	40	2	2
0.496760129929	TCP	48	40	2	4
13.1405599117	ICMP	327	327	1	4
37.1236841679	TCP	1263	40	1	4
7.65050005913	TCP	754	40	1	3
0.243023872375	TCP	645	40	2	2
5.16294503212	ICMP	727	727	1	2
4.12395381927	ICMP	311	311	1	4
29.5089969635	TCP	380	40	1	2
6.97871303558	ICMP	644	644	1	1
17.1256551743	TCP	1255	40	1	4
8.2634999752	TCP	447	40	1	3
16.2890460491	TCP	900	40	1	5
33.8097550869	TCP	1081	40	1	2
3.71004509926	UDP	752	576	1	1
6.27460408211	ICMP	397	397	1	3
29.3617320061	TCP	789	40	1	2
0.384642124176	UDP	406	434	2	4
12.5532770157	TCP	598	40	1	3
34.9123730659	ICMP	479	479	1	1
1.33157205582	ICMP	193	193	2	4
11.8918159008	ICMP	416	416	1	3
34.9421310425	ICMP	726	726	1	4
42.4644088745	TCP	197	40	1	2
2.73951292038	ICMP	707	707	1	5
40.0896060467	ICMP	572	572	1	3
11.7392830849	TCP	855	40	1	4
4.84253692627	TCP	1038	40	1	1
36.6318979263	TCP	818	40	1	1
14.1693201065	TCP	1249	40	1	1
41.3880391121	TCP	934	40	1	1
37.7556540966	UDP	908	576	1	3
39.1854271889	TCP	100	40	1	2
36.2490382195	TCP	325	40	1	3
8.0553791523	TCP	935	40	1	1
11.6162099838	ICMP	28	28	1	1
20.7133910656	UDP	335	363	1	3
10.2504599094	TCP	444	40	1	2
38.7730941772	TCP	790	40	1	2
2.26816010475	ICMP	621	621	1	6
40.5540020466	UDP	497	525	1	2
20.8053650856	UDP	623	576	1	1
40.2202839851	ICMP	511	511	1	4
0.881514072418	TCP	131	40	2	4
15.5590388775	TCP	1278	40	1	5
27.3997468948	TCP	399	40	1	1
25.3095929623	ICMP	455	455	1	4
40.6299459934	UDP	73	101	1	3
36.9337010384	UDP	714	576	1	3
44.0891180038	TCP	387	40	1	2
15.248623848	TCP	485	40	1	4
26.5784180164	TCP	246	40	1	3
7.41389799118	ICMP	240	240	1	4
28.1594691277	UDP	519	547	1	2
39.4530711174	TCP	1330	40	1	2
21.9036641121	ICMP	629	629	1	3
25.5314211845	UDP	578	576	1	2
0.388498783112	TCP	1037	40	2	3
38.6288659573	TCP	1189	40	1	4
41.0292239189	TCP	93	40	1	2
22.4058389664	TCP	543	40	1	2
42.9726910591	ICMP	320	320	1	1
7.6897919178	ICMP	314	314	1	2
11.2297739983	TCP	407	40	1	1
28.0703370571	ICMP	271	271	1	1
8.24077701569	UDP	699	576	1	5
39.7705249786	ICMP	341	341	1	1
37.3323819637	TCP	702	40	1	1
22.1538610458	TCP	618	40	1	3
17.3511128426	TCP	937	40	1	2
24.6396918297	UDP	1020	576	1	4
31.2700648308	TCP	53	40	1	3
39.2210140228	TCP	933	40	1	2
5.67194914818	TCP	1293	40	1	1
18.4693710804	TCP	808	40	1	1
35.030189991	ICMP	642	642	1	3
37.3665218353	TCP	920	40	1	7
39.7455182076	UDP	248	276	1	2
14.0100679398	TCP	660	40	1	1
30.3486139774	UDP	775	576	1	2
11.1701660156	UDP	825	576	1	2
1.70210313797	ICMP	380	380	2	6
20.679666996	ICMP	188	188	1	2
18.8195459843	ICMP	626	626	1	5
14.5377070904	TCP	618	40	1	3
29.4503519535	ICMP	108	108	1	1
31.4328629971	UDP	993	576	1	5
7.67412400246	ICMP	260	260	1	4
35.310284853	ICMP	467	467	1	3
4.14115095139	ICMP	404	404	1	1
35.7592999935	TCP	841	40	1	4
12.5421049595	ICMP	435	435	1	3
10.6903960705	TCP	200	40	1	2
5.27649617195	TCP	990	40	1	2
18.2205741405	TCP	349	40	1	5
10.1418919563	ICMP	474	474	1	4
22.0710000992	UDP	610	576	1	2
39.0789370537	TCP	648	40	1	1
40.163079977	TCP	444	40	1	1
34.6818189621	TCP	851	40	1	7
0.675255060196	ICMP	549	549	2	5
37.5218369961	TCP	217	40	1	4
22.2428438663	ICMP	192	192	1	5
44.4835178852	TCP	231	40	1	1
1.41153502464	ICMP	321	321	2	5
31.1603238583	TCP	169	40	1	3
40.0498380661	ICMP	621	621	1	6
35.6401138306	TCP	713	40	1	2
4.25919699669	TCP	293	40	1	3
40.7926969528	ICMP	150	150	1	1
43.0152230263	ICMP	574	574	1	1
1.61985492706	TCP	354	40	2	2
3.8987300396	ICMP	63	63	1	2
32.1940600872	TCP	353	40	1	5
39.3309421539	ICMP	172	172	1	1
4.7746758461	UDP	625	576	1	3
19.1100292206	UDP	997	576	1	2
6.75342607498	TCP	1074	40	1	2
6.13397502899	ICMP	586	586	1	2
1.33546710014	UDP	918	576	2	3
36.1414840221	UDP	253	281	1	5
35.0052518845	ICMP	346	346	1	4
18.7383332253	TCP	1158	40	1	4
35.8898158073	TCP	344	40	1	5
12.7630088329	TCP	603	40	1	4
38.8983459473	TCP	1162	40	1	3
3.01974010468	TCP	797	40	1	2
34.9293761253	TCP	1158	40	1	5
9.10036492348	UDP	278	306	1	3
39.4963002205	TCP	486	40	1	4
33.4291040897	ICMP	400	400	1	5
10.4762589931	TCP	934	40	1	2
33.6153390408	UDP	832	576	1	4
21.5341060162	ICMP	138	138	1	1
40.7602090836	UDP	57	85	1	1
13.9962460995	ICMP	352	352	1	1
12.7099831104	TCP	363	40	1	4
12.9679830074	TCP	255	40	1	2
18.8300609589	TCP	522	40	1	2
39.562443018	TCP	853	40	1	2
29.8664820194	TCP	1291	40	1	2
19.2762019634	ICMP	415	415	1	1
12.355271101	TCP	729	40	1	4
1.56796789169	TCP	320	40	2	3
41.7948639393	TCP	615	40	1	1
31.3818840981	ICMP	478	478	1	2
41.1963961124	ICMP	381	381	1	1
8.10961318016	UDP	967	576	1	5
34.5600569248	ICMP	472	472	1	5
31.6902740002	ICMP	57	57	1	8
16.8917739391	UDP	566	576	1	1
17.1774840355	ICMP	607	607	1	2
10.4696989059	UDP	276	304	1	3
20.7603008747	UDP	785	576	1	2
34.6788449287	TCP	1111	40	1	3
7.23310399055	TCP	787	40	1	2
38.5085270405	TCP	936	40	1	1
40.5616641045	UDP	765	576	1	1
38.7594621181	ICMP	694	694	1	2
26.4331140518	UDP	990	576	1	1
17.9349958897	TCP	409	40	1	2
0.611143112183	TCP	367	40	2	6
34.249740839	TCP	245	40	1	6
32.7816438675	TCP	855	40	1	3
9.87177991867	TCP	622	40	1	2
33.2404139042	UDP	619	576	1	6
8.39602899551	TCP	639	40	1	2
13.9202980995	UDP	762	576	1	2
16.9400207996	UDP	914	576	1	3
13.3896999359	ICMP	412	412	1	3
3.83222484589	ICMP	436	436	1	2
40.3594458103	TCP	1265	40	1	3
32.4664311409	TCP	1208	40	1	2
20.7895750999	TCP	645	40	1	2
29.6470799446	TCP	611	40	1	5
8.92853999138	UDP	739	576	1	4
18.9542679787	TCP	1120	40	1	3
35.6399219036	ICMP	412	412	1	5
40.5654351711	TCP	725	40	1	1
1.57002305984	UDP	190	218	2	4
16.3898229599	UDP	881	576	1	3
14.2992939949	TCP	374	40	1	2
43.0654330254	UDP	400	428	1	1
7.13602614403	UDP	69	97	1	1
5.17231202126	UDP	962	576	1	2
14.1868050098	UDP	490	518	1	4
31.4200708866	UDP	260	288	1	2
41.9752578735	TCP	344	40	1	2
34.2667760849	TCP	472	40	1	6
1.49966287613	ICMP	133	133	2	3
34.5063159466	ICMP	352	352	1	4
19.365899086	ICMP	476	476	1	3
31.6519060135	UDP	709	576	1	4
30.2345280647	UDP	607	576	1	6
38.7688369751	TCP	220	40	1	4
19.3998320103	TCP	988	40	1	1
36.7441589832	TCP	629	40	1	2
8.94766902924	ICMP	452	452	1	3
27.7654280663	TCP	1222	40	1	1
5.47942304611	TCP	462	40	1	3
16.1697819233	TCP	1227	40	1	2
6.79317903519	UDP	153	181	1	3
18.6300370693	TCP	743	40	1	3
44.6494369507	TCP	550	40	1	1
12.1302220821	UDP	327	355	1	2
16.2607522011	TCP	138	40	1	2
28.3895120621	TCP	748	40	1	6
1.47869491577	TCP	359	40	2	3
34.4167170525	ICMP	655	655	1	2
7.4499669075	UDP	966	576	1	3
44.4495520592	UDP	771	576	1	1
37.2899091244	TCP	643	40	1	5
1.71920990944	TCP	809	40	2	6
34.9957420826	TCP	1337	40	1	2
43.0000491142	UDP	37	65	1	1
24.7043509483	TCP	760	40	1	3
4.12263607979	ICMP	528	528	1	1
30.9929931164	UDP	324	352	1	4
11.2234191895	ICMP	385	385	1	3
32.0811910629	ICMP	214	214	1	2
36.4072098732	ICMP	182	182	1	7
13.9738960266	UDP	498	526	1	3
5.16589093208	TCP	186	40	1	2
40.0510070324	TCP	1024	40	1	1
43.0878298283	ICMP	653	653	1	1
1.4414498806	TCP	222	40	2	2
42.5510900021	TCP	165	40	1	1
35.1168451309	ICMP	183	183	1	3
16.8997058868	TCP	296	40	1	5
38.7882211208	ICMP	699	699	1	3
24.3302788734	TCP	248	40	1	1
40.9120559692	UDP	737	576	1	2
35.5818610191	UDP	374	402	1	1
26.5135641098	UDP	754	576	1	5
15.6011500359	ICMP	32	32	1	3
39.6888651848	TCP	867	40	1	1
10.8302669525	UDP	540	568	1	2
8.67189311981	TCP	1325	40	1	2
39.8603060246	ICMP	128	128	1	2
10.0598890781	ICMP	405	405	1	2
9.37215995789	TCP	343	40	1	4
37.3788819313	ICMP	511	511	1	5
21.5590980053	TCP	451	40	1	3
42.7085251808	TCP	171	40	1	1
34.9435100555	TCP	1330	40	1	3
10.3210141659	TCP	1032	40	1	1
23.8201467991	TCP	885	40	1	2
13.9252820015	TCP	800	40	1	4
25.0328421593	TCP	267	40	1	3
41.9093749523	UDP	412	440	1	3
30.8888978958	TCP	998	40	1	2
1.26980304718	TCP	288	40	2	2
28.0115349293	ICMP	471	471	1	2
11.906662941	TCP	1125	40	1	5
16.2820110321	TCP	345	40	1	2
4.09006810188	TCP	121	40	1	2
4.45940613747	TCP	576	40	1	3
39.8859820366	TCP	156	40	1	2
27.4094510078	ICMP	169	169	1	4
29.6816649437	TCP	1245	40	1	1
15.0199270248	TCP	453	40	1	4
4.77941298485	TCP	233	40	1	3
10.1461930275	ICMP	489	489	1	2
18.3500621319	TCP	95	40	1	6
22.849255085	TCP	121	40	1	3
12.979970932	TCP	565	40	1	2
0.286970853806	ICMP	207	207	2	2
15.5694949627	ICMP	627	627	1	4
44.0525751114	UDP	993	576	1	2
20.0191500187	TCP	768	40	1	3
20.4923820496	ICMP	646	646	1	3
32.1346230507	ICMP	121	121	1	3
6.17805194855	ICMP	314	314	1	4
25.5584590435	TCP	1325	40	1	2
36.6901409626	TCP	289	40	1	2
35.8398940563	TCP	550	40	1	3
35.9404010773	UDP	704	576	1	6
41.5532979965	ICMP	415	415	1	1
11.6601550579	UDP	573	576	1	3
14.2500271797	UDP	791	576	1	3
37.3295581341	TCP	1073	40	1	1
38.090266943	TCP	534	40	1	5
41.2627050877	TCP	616	40	1	1
37.2651100159	UDP	410	438	1	3
18.9151699543	UDP	317	345	1	5
24.2294151783	ICMP	230	230	1	3
17.0504028797	TCP	46	40	1	5
2.16074800491	TCP	615	40	1	2
29.5833230019	UDP	387	415	1	1
10.1760249138	TCP	155	40	1	6
39.4396378994	UDP	392	420	1	3
7.6702940464	TCP	568	40	1	5
4.87221980095	UDP	249	277	1	3
18.3007519245	UDP	811	576	1	4
26.7795901299	TCP	346	40	1	3
40.3901891708	ICMP	464	464	1	3
21.379639864	TCP	926	40	1	4
39.6488530636	UDP	740	576	1	1
31.169178009	ICMP	267	267	1	4
17.9576771259	ICMP	432	432	1	2
6.59371113777	TCP	1182	40	1	4
39.2665879726	ICMP	73	73	1	4
8.08021497726	UDP	410	438	1	2
40.7493059635	TCP	1001	40	1	1
30.281252861	TCP	332	40	1	2
31.3063201904	ICMP	516	516	1	2
2.39322710037	TCP	572	40	1	2
15.9104070663	UDP	338	366	1	3
40.6649661064	TCP	379	40	1	3
36.7300360203	ICMP	650	650	1	2
42.0604219437	ICMP	159	159	1	1
1.52923202515	TCP	244	40	2	3
33.4996619225	TCP	1090	40	1	4
38.2868118286	TCP	287	40	1	2
1.35091686249	UDP	254	282	2	5
34.2540919781	TCP	1172	40	1	3
0.582727909088	TCP	1178	40	2	4
15.6186480522	TCP	1148	40	1	3
8.18288207054	ICMP	404	404	1	3
10.1058840752	UDP	630	576	1	4
13.2898919582	UDP	111	139	1	3
11.515362978	TCP	1018	40	1	3
13.5501670837	ICMP	343	343	1	5
7.05754804611	TCP	991	40	1	4
19.195704937	TCP	1279	40	1	3
42.6845469475	ICMP	725	725	1	1
32.1892528534	ICMP	97	97	1	4
25.8098180294	TCP	757	40	1	2
19.1758108139	TCP	863	40	1	2
25.5829389095	TCP	258	40	1	3
34.8596160412	ICMP	45	45	1	6
20.5613720417	UDP	402	430	1	4
5.80304598808	TCP	296	40	1	4
3.62370204926	ICMP	617	617	1	3
1.04991102219	ICMP	482	482	2	4
1.91596412659	TCP	568	40	2	4
37.189002037	TCP	96	40	1	1
42.5917491913	ICMP	270	270	1	1
8.24052000046	UDP	566	576	1	2
17.2095050812	ICMP	487	487	1	3
0.735435962677	TCP	230	40	2	5
1.29963207245	UDP	81	109	2	4
32.9520611763	TCP	661	40	1	1
25.9130909443	UDP	778	576	1	5
41.6999790668	UDP	953	576	1	3
37.9009339809	ICMP	598	598	1	4
7.56844496727	TCP	589	40	1	4
39.2683179379	TCP	523	40	1	1
33.5149250031	ICMP	674	674	1	2
30.1698219776	UDP	922	576	1	6
11.2930641174	ICMP	611	611	1	2
34.552052021	ICMP	446	446	1	1
23.2205867767	ICMP	340	340	1	3
2.74003005028	ICMP	708	708	1	2
0.676424026489	UDP	547	575	2	2
10.5700809956	TCP	195	40	1	2
2.89284896851	ICMP	257	257	1	6
40.5769331455	TCP	897	40	1	1
43.3388619423	TCP	315	40	1	1
2.86201405525	ICMP	163	163	1	3
20.8312420845	ICMP	225	225	1	1
35.8794550896	UDP	706	576	1	3
2.02806591988	ICMP	457	457	1	3
37.2240679264	ICMP	634	634	1	1
36.2096149921	TCP	355	40	1	3
1.10349106789	TCP	1005	40	2	7
9.19566702843	ICMP	543	543	1	5
38.6007499695	ICMP	218	218	1	1
0.52102804184	TCP	933	40	2	4
19.9168059826	TCP	745	40	1	5
27.4196560383	ICMP	602	602	1	4
30.8493320942	TCP	816	40	1	6
16.2399430275	UDP	685	576	1	1
2.6898150444	TCP	549	40	1	3
25.2369129658	TCP	68	40	1	6
38.6066000462	TCP	111	40	1	1
19.2867958546	UDP	120	148	1	3
35.5399529934	TCP	953	40	1	3
31.4798340797	TCP	1128	40	1	3
26.1004128456	UDP	103	131	1	2
15.1627080441	TCP	514	40	1	2
0.959688901901	ICMP	674	674	2	2
0.867970943451	TCP	1116	40	2	2
15.9351229668	TCP	227	40	1	4
13.8933930397	TCP	607	40	1	5
33.8995969296	UDP	635	576	1	4
36.3110740185	UDP	78	106	1	2
38.4599950314	TCP	1177	40	1	2
37.9798798561	TCP	833	40	1	3
10.279337883	TCP	506	40	1	3
42.3144230843	TCP	182	40	1	2
23.8516938686	TCP	902	40	1	3
39.8713290691	UDP	404	432	1	2
25.7345240116	TCP	947	40	1	3
11.3200609684	ICMP	305	305	1	3
40.5098938942	TCP	1114	40	1	2
0.950398921967	TCP	449	40	2	5
19.743062973	TCP	408	40	1	2
39.7918870449	TCP	1259	40	1	2
7.2491569519	TCP	1150	40	1	3
10.3593070507	TCP	387	40	1	3
20.9913361073	TCP	626	40	1	4
38.2820351124	ICMP	262	262	1	2
7.20905900002	ICMP	619	619	1	2
6.79366588593	ICMP	162	162	1	4
4.803992033	TCP	1252	40	1	2
40.7893829346	ICMP	108	108	1	6
24.4306490421	TCP	1086	40	1	2
1.09960794449	TCP	530	40	2	3
28.6397211552	TCP	1183	40	1	5
19.1095788479	UDP	835	576	1	2
0.618796110153	ICMP	480	480	2	5
16.8739218712	TCP	826	40	1	2
9.53985285759	ICMP	82	82	1	3
9.35231900215	TCP	909	40	1	5
21.2391741276	ICMP	385	385	1	3
39.8937568665	ICMP	654	654	1	2
15.7567389011	ICMP	255	255	1	1
36.5680239201	TCP	131	40	1	1
15.1057829857	UDP	852	576	1	1
32.9098329544	TCP	1255	40	1	2
13.5895490646	TCP	587	40	1	2
35.5232858658	TCP	520	40	1	3
1.9854850769	TCP	1203	40	2	4
39.1281569004	TCP	1235	40	1	2
2.40740513802	TCP	912	40	1	1
33.4405310154	TCP	769	40	1	3
16.1453170776	TCP	321	40	1	3
27.9082450867	TCP	1110	40	1	1
5.68220496178	ICMP	529	529	1	2
5.83564209938	TCP	714	40	1	4
19.9493730068	ICMP	519	519	1	2
40.6533930302	UDP	427	455	1	2
41.3984560966	TCP	1057	40	1	5
23.6401321888	ICMP	474	474	1	1
25.8837811947	TCP	1153	40	1	2
37.3798789978	UDP	87	115	1	4
32.3499491215	TCP	619	40	1	2
41.0570700169	TCP	716	40	1	2
19.0571949482	ICMP	336	336	1	2
31.6288218498	ICMP	98	98	1	2
26.9930419922	UDP	965	576	1	3
38.8491239548	UDP	486	514	1	1
1.34233498573	TCP	979	40	2	7
11.4180259705	TCP	927	40	1	2
1.04548811913	UDP	586	576	2	5
10.4159111977	UDP	923	576	1	4
13.8198709488	UDP	263	291	1	2
42.8165071011	ICMP	36	36	1	1
29.3999938965	TCP	341	40	1	1
0.158299922943	ICMP	429	429	2	2
39.2890520096	UDP	976	576	1	5
35.3493149281	TCP	1213	40	1	3
25.9963638783	UDP	658	576	1	3
8.97006201744	UDP	960	576	1	3
34.6915869713	TCP	600	40	1	2
36.4401278496	TCP	701	40	1	2
2.67194008827	ICMP	325	325	1	3
34.5394189358	TCP	113	40	1	2
35.8668551445	TCP	523	40	1	4
9.3761742115	TCP	766	40	1	2
18.9781069756	TCP	1243	40	1	1
7.83639001846	ICMP	267	267	1	1
15.8204360008	ICMP	275	275	1	1
7.74675583839	ICMP	86	86	1	1
35.3112409115	UDP	929	576	1	2
42.1923148632	ICMP	213	213	1	1
35.9537799358	ICMP	400	400	1	3
1.64412808418	TCP	50	40	2	3
15.98290205	TCP	989	40	1	4
26.789978981	UDP	165	193	1	1
40.5140340328	UDP	75	103	1	3
16.6796081066	UDP	494	522	1	1
6.6309158802	TCP	1028	40	1	2
32.3800821304	TCP	546	40	1	6
11.2258388996	TCP	512	40	1	3
38.825095892	UDP	818	576	1	2
40.0721590519	TCP	196	40	1	5
42.6436679363	ICMP	710	710	1	2
36.5118169785	UDP	612	576	1	2
14.8817329407	TCP	724	40	1	3
14.8604638577	TCP	647	40	1	3
0.945697069168	ICMP	29	29	2	4
40.0825529099	TCP	500	40	1	1
4.69285988808	TCP	650	40	1	1
11.0785269737	TCP	968	40	1	3
19.1304240227	TCP	138	40	1	1
12.2397658825	TCP	1193	40	1	2
19.0103540421	ICMP	107	107	1	3
0.961354970932	UDP	775	576	2	2
7.24969100952	ICMP	589	589	1	3
0.710006952286	UDP	72	100	2	5
10.5409629345	TCP	633	40	1	4
14.8094828129	ICMP	220	220	1	3
32.9122698307	TCP	364	40	1	2
20.7910339832	ICMP	602	602	1	3
10.3095269203	ICMP	237	237	1	3
0.969285011292	ICMP	241	241	2	4
42.6519339085	TCP	602	40	1	1
11.8201858997	UDP	213	241	1	2
34.5040478706	TCP	47	40	1	3
33.0801460743	UDP	146	174	1	1
0.800312995911	UDP	111	139	2	2
1.8446559906	ICMP	511	511	2	5
10.3393831253	TCP	1231	40	1	1
9.75052785873	UDP	161	189	1	5
7.58186388016	TCP	111	40	1	3
27.1993770599	TCP	1164	40	1	2
36.5393159389	ICMP	258	258	1	3
35.6992349625	ICMP	341	341	1	3
18.3502469063	ICMP	222	222	1	1
40.6528561115	ICMP	579	579	1	5
32.010406971	TCP	999	40	1	4
15.4004368782	UDP	288	316	1	1
11.429858923	TCP	311	40	1	3
4.81324887276	TCP	980	40	1	2
27.9309489727	ICMP	66	66	1	1
6.84953689575	TCP	518	40	1	2
43.9296960831	TCP	234	40	1	2
3.36000204086	ICMP	66	66	1	3
37.2783050537	UDP	68	96	1	5
40.4043309689	UDP	449	477	1	1
26.7693839073	TCP	719	40	1	2
20.742372036	TCP	187	40	1	6
39.6245930195	ICMP	57	57	1	4
20.6106519699	UDP	554	576	1	3
37.483232975	TCP	1217	40	1	2
40.1297152042	TCP	614	40	1	1
37.7841598988	ICMP	626	626	1	4
41.2109680176	ICMP	672	672	1	1
35.4957509041	TCP	249	40	1	3
39.5275530815	TCP	315	40	1	2
41.4116580486	UDP	266	294	1	2
23.9245700836	UDP	719	576	1	2
14.6791529655	TCP	1277	40	1	2
38.5934398174	TCP	189	40	1	3
7.40978288651	TCP	411	40	1	1
16.8763239384	ICMP	487	487	1	1
34.0342519283	TCP	1089	40	1	2
1.73996186256	UDP	812	576	2	4
0.943600893021	TCP	1221	40	2	3
37.1050820351	ICMP	632	632	1	5
1.6091940403	TCP	1150	40	2	5
42.1199409962	UDP	116	144	1	3
31.5332028866	TCP	1185	40	1	3
21.8147718906	ICMP	368	368	1	2
17.7950520515	TCP	133	40	1	3
0.258418083191	UDP	49	77	2	2
24.1137070656	UDP	805	576	1	3
40.0739469528	TCP	1029	40	1	4
5.86935687065	ICMP	394	394	1	2
1.33135008812	TCP	1290	40	2	2
40.1791248322	TCP	1279	40	1	2
29.9763660431	TCP	1233	40	1	3
38.129253149	UDP	108	136	1	6
20.6338419914	ICMP	431	431	1	4
11.8222899437	ICMP	331	331	1	5
23.5622839928	TCP	145	40	1	1
20.4369819164	ICMP	672	672	1	2
12.9300351143	TCP	775	40	1	4
18.750841856	ICMP	72	72	1	1
6.63955616951	TCP	476	40	1	4
14.0811140537	TCP	881	40	1	4
39.341080904	ICMP	311	311	1	6
29.7301521301	ICMP	333	333	1	2
37.0597729683	ICMP	395	395	1	1
2.84240818024	ICMP	612	612	1	2
1.96623086929	UDP	31	59	2	2
4.95117878914	UDP	846	576	1	3
20.1288921833	ICMP	672	672	1	2
39.2850151062	ICMP	679	679	1	6
43.0374448299	ICMP	527	527	1	1
34.6628749371	TCP	952	40	1	1
21.3477749825	TCP	1331	40	1	3
18.5800468922	UDP	609	576	1	2
10.5433089733	TCP	788	40	1	1
3.58955407143	ICMP	255	255	1	1
28.0995008945	TCP	897	40	1	2
42.464977026	ICMP	294	294	1	2
37.6211540699	ICMP	553	553	1	2
12.9236140251	TCP	374	40	1	1
41.1138300896	UDP	323	351	1	1
14.180492878	ICMP	69	69	1	6
8.12960791588	ICMP	332	332	1	4
40.7950811386	ICMP	432	432	1	1
40.8835718632	UDP	947	576	1	2
31.6275770664	ICMP	372	372	1	4
42.0832960606	TCP	588	40	1	2
42.0014760494	TCP	1150	40	1	1
9.42960810661	ICMP	505	505	1	3
25.3495049477	TCP	500	40	1	1
9.40907692909	ICMP	623	623	1	2
0.860748052597	TCP	449	40	2	6
39.3585779667	TCP	634	40	1	2
40.6322479248	UDP	856	576	1	5
4.90969800949	TCP	100	40	1	1
15.8190689087	TCP	1328	40	1	3
2.06944298744	TCP	225	40	1	1
39.2094209194	ICMP	678	678	1	1
26.5037469864	ICMP	719	719	1	4
6.47524309158	ICMP	54	54	1	2
1.00120592117	UDP	58	86	2	3
6.20111179352	TCP	212	40	1	2
1.69142007828	TCP	512	40	2	2
19.1589229107	UDP	845	576	1	4
6.86829805374	UDP	180	208	1	6
33.8452670574	UDP	332	360	1	8
30.0525820255	TCP	1044	40	1	6
1.51705098152	UDP	790	576	2	9
36.0693349838	UDP	847	576	1	2
17.7620840073	TCP	1141	40	1	3
34.7993519306	UDP	669	576	1	1
9.01390194893	TCP	277	40	1	4
38.3700990677	TCP	1308	40	1	3
23.2872519493	TCP	512	40	1	4
12.857986927	TCP	1049	40	1	2
27.980162859	ICMP	383	383	1	1
36.1461670399	ICMP	240	240	1	4
9.86979222298	ICMP	112	112	1	4
1.52981901169	ICMP	532	532	2	5
14.9629058838	TCP	901	40	1	2
11.1354408264	UDP	891	576	1	3
1.60509085655	TCP	122	40	2	6
11.7746810913	TCP	676	40	1	1
32.2226171494	ICMP	76	76	1	2
38.8776021004	UDP	339	367	1	3
20.190841198	TCP	131	40	1	5
24.4692399502	UDP	967	576	1	2
38.9075880051	UDP	251	279	1	2
1.26116991043	TCP	235	40	2	2
39.6605579853	TCP	479	40	1	1
9.73272109032	UDP	527	555	1	1
27.6639180183	TCP	117	40	1	3
39.4684679508	TCP	954	40	1	3
41.092659235	TCP	723	40	1	4
37.9415080547	ICMP	190	190	1	1
34.0398378372	TCP	689	40	1	1
37.5826690197	TCP	544	40	1	3
30.6801600456	TCP	73	40	1	4
41.7098810673	ICMP	256	256	1	2
14.7421429157	ICMP	555	555	1	1
39.7344508171	TCP	1199	40	1	4
27.9698472023	ICMP	680	680	1	1
40.2805659771	TCP	1204	40	1	1
38.4581179619	ICMP	395	395	1	5
30.2075240612	UDP	143	171	1	1
36.5591599941	TCP	1195	40	1	1
31.9422540665	TCP	720	40	1	1
15.5138959885	TCP	1074	40	1	5
2.28983187675	UDP	839	576	1	2
44.0689258575	TCP	280	40	1	1
2.93286585808	UDP	980	576	1	3
32.5804681778	ICMP	364	364	1	3
34.2183499336	TCP	482	40	1	4
18.0030100346	ICMP	93	93	1	1
2.34669613838	TCP	1253	40	1	2
42.6184000969	UDP	968	576	1	3
10.8898069859	TCP	805	40	1	2
39.6483948231	TCP	1296	40	1	5
10.7195038795	ICMP	521	521	1	2
21.0952708721	ICMP	230	230	1	2
10.9967088699	TCP	1148	40	1	3
5.15985679626	ICMP	342	342	1	2
26.9624359608	ICMP	153	153	1	1
39.2018790245	TCP	405	40	1	4
12.9548480511	TCP	780	40	1	3
39.3485040665	ICMP	296	296	1	2
36.2800860405	TCP	476	40	1	2
6.42942690849	TCP	577	40	1	4
33.4796481133	TCP	406	40	1	2
21.7156407833	TCP	1032	40	1	2
41.1537430286	ICMP	96	96	1	1
5.98969888687	UDP	787	576	1	2
38.5609490871	TCP	1231	40	1	1
5.33913207054	UDP	667	576	1	2
26.572111845	ICMP	661	661	1	1
36.9475319386	TCP	153	40	1	6
4.63050293922	TCP	1168	40	1	2
38.5291228294	UDP	335	363	1	3
44.3330700397	TCP	1219	40	1	2
38.2960140705	UDP	225	253	1	4
14.3912651539	UDP	890	576	1	3
31.7668151855	ICMP	390	390	1	2
39.651309967	TCP	947	40	1	5
1.19113278389	TCP	280	40	2	2
37.4416379929	TCP	814	40	1	1
11.3370029926	UDP	165	193	1	3
1.59130382538	UDP	651	576	2	3
33.3507838249	UDP	609	576	1	3
44.3931951523	TCP	513	40	1	1
22.8897709846	ICMP	156	156	1	2
36.9294741154	TCP	350	40	1	1
2.05640697479	ICMP	316	316	1	3
17.8461751938	UDP	655	576	1	2
25.7786669731	TCP	1281	40	1	2
36.3220031261	TCP	1331	40	1	4
44.2471449375	TCP	1139	40	1	1
4.11886811256	TCP	1218	40	1	3
27.2942759991	UDP	316	344	1	2
27.8600709438	TCP	667	40	1	5
13.6897830963	ICMP	708	708	1	4
37.7893681526	TCP	259	40	1	3
33.3792798519	UDP	661	576	1	4
32.6894640923	TCP	1138	40	1	1
31.6006259918	UDP	336	364	1	3
2.996311903	ICMP	276	276	1	3
36.5367670059	TCP	1045	40	1	2
42.8279750347	ICMP	269	269	1	1
21.5114359856	TCP	387	40	1	2
40.1141951084	UDP	188	216	1	2
1.20688390732	TCP	677	40	2	7
27.3796219826	UDP	1008	576	1	2
20.0269331932	TCP	207	40	1	2
41.2787470818	UDP	102	130	1	1
8.64140820503	TCP	963	40	1	2
6.9937710762	ICMP	425	425	1	7
29.132160902	UDP	956	576	1	2
21.5595350266	TCP	728	40	1	2
31.8380219936	TCP	434	40	1	7
36.7155411243	UDP	52	80	1	3
16.573677063	UDP	685	576	1	1
37.9305710793	UDP	678	576	1	2
22.9205999374	TCP	564	40	1	2
3.8990650177	TCP	169	40	1	4
42.7787890434	ICMP	575	575	1	1
35.6504631042	ICMP	103	103	1	3
12.6194698811	TCP	861	40	1	4
9.79688811302	ICMP	199	199	1	6
3.15225601196	UDP	705	576	1	1
11.9597461224	ICMP	590	590	1	1
25.9497029781	ICMP	161	161	1	1
13.9968369007	UDP	880	576	1	2
30.7013869286	TCP	50	40	1	2
13.3792099953	TCP	789	40	1	1
8.36556196213	TCP	689	40	1	4
39.255038023	TCP	130	40	1	4
40.9352121353	ICMP	478	478	1	1
30.7232010365	UDP	1006	576	1	1
42.2712841034	ICMP	687	687	1	2
20.7690038681	TCP	837	40	1	2
26.5419850349	TCP	276	40	1	2
40.3328051567	TCP	497	40	1	3
15.4888839722	TCP	1227	40	1	2
1.45659279823	TCP	879	40	2	3
35.8140928745	TCP	356	40	1	2
30.3300569057	TCP	664	40	1	2
22.5696070194	UDP	956	576	1	8
41.0894091129	ICMP	272	272	1	4
16.9697730541	UDP	328	356	1	3
3.7707259655	TCP	1178	40	1	7
40.6126050949	UDP	71	99	1	1
5.11392498016	TCP	808	40	1	3
8.70624709129	UDP	796	576	1	2
1.42246794701	ICMP	384	384	2	2
