14.6901128292	TCP	101	40	1	3
8.59139513969	ICMP	107	107	1	3
49.5978288651	UDP	839	576	1	2
7.34797501564	TCP	400	40	1	1
16.722244978	TCP	1152	40	1	2
22.0145659447	UDP	121	149	1	2
44.5334961414	UDP	780	576	1	3
1.22675204277	TCP	1227	40	2	2
28.6384329796	TCP	1333	40	1	4
12.9834260941	UDP	98	126	1	3
10.032075882	TCP	476	40	1	1
47.1207859516	TCP	1106	40	1	1
12.6277399063	TCP	1201	40	1	1
45.433106184	UDP	588	576	1	4
6.77032399178	ICMP	342	342	1	3
5.4492919445	ICMP	586	586	1	1
39.3023860455	UDP	743	576	1	1
51.7259061337	ICMP	53	53	1	1
20.9798109531	TCP	148	40	1	4
21.1396291256	TCP	1259	40	1	3
38.347851038	ICMP	375	375	1	1
0.562444925308	ICMP	101	101	2	3
33.1895987988	TCP	965	40	1	5
6.54440903664	TCP	398	40	1	2
12.6289799213	UDP	621	576	1	4
42.8992860317	TCP	575	40	1	2
51.2877500057	UDP	506	534	1	3
43.0883989334	TCP	913	40	1	4
14.4015669823	ICMP	644	644	1	2
50.2449848652	UDP	67	95	1	2
5.6980369091	ICMP	497	497	1	2
45.5690999031	ICMP	249	249	1	4
9.95589089394	TCP	376	40	1	3
16.8092827797	TCP	423	40	1	2
45.0056660175	TCP	1062	40	1	2
36.6005709171	ICMP	132	132	1	3
1.82724094391	TCP	856	40	2	3
42.0975270271	ICMP	488	488	1	2
51.5638740063	ICMP	107	107	1	4
49.1982369423	UDP	561	576	1	1
49.5373239517	TCP	1008	40	1	6
47.7211480141	ICMP	476	476	1	1
47.7472281456	UDP	650	576	1	3
44.2119581699	ICMP	593	593	1	3
43.5816981792	ICMP	433	433	1	3
39.1427180767	TCP	1115	40	1	3
49.6717510223	ICMP	708	708	1	2
30.909512043	ICMP	445	445	1	6
38.2260200977	TCP	236	40	1	4
32.3676171303	TCP	1039	40	1	3
51.0096228123	TCP	436	40	1	1
43.5341448784	TCP	978	40	1	3
19.220649004	TCP	78	40	1	2
49.6401951313	UDP	230	258	1	1
45.7266099453	ICMP	535	535	1	4
1.00545597076	ICMP	287	287	2	2
11.4698040485	ICMP	506	506	1	2
40.799200058	TCP	409	40	1	2
45.6290049553	UDP	819	576	1	1
51.2594149113	ICMP	695	695	1	2
9.02388882637	UDP	498	526	1	2
2.42992210388	UDP	1008	576	1	2
42.2971651554	ICMP	399	399	1	4
8.3393881321	TCP	970	40	1	1
33.3020710945	UDP	691	576	1	3
32.9197568893	UDP	577	576	1	3
12.9726939201	ICMP	513	513	1	1
54.0835518837	UDP	203	231	1	1
42.2049880028	TCP	366	40	1	3
53.137912035	UDP	729	576	1	1
47.1773450375	UDP	374	402	1	1
22.0397861004	TCP	1074	40	1	4
13.2339890003	TCP	312	40	1	1
3.04468798637	UDP	911	576	1	1
38.2366230488	TCP	510	40	1	5
0.709875106812	TCP	105	40	2	2
48.1659729481	ICMP	345	345	1	5
49.9235289097	UDP	724	576	1	2
47.6665329933	TCP	1293	40	1	6
1.74085712433	TCP	440	40	2	10
1.65014505386	UDP	421	449	2	4
44.3995039463	TCP	1272	40	1	3
37.7293860912	TCP	1115	40	1	6
37.3517720699	UDP	699	576	1	6
25.3349630833	ICMP	663	663	1	1
51.9768600464	ICMP	539	539	1	2
9.39685583115	ICMP	457	457	1	3
42.37185812	TCP	994	40	1	1
43.389895916	TCP	1262	40	1	3
8.76312279701	UDP	196	224	1	6
42.3498461246	UDP	971	576	1	3
49.6184561253	TCP	493	40	1	6
10.9283058643	TCP	920	40	1	3
35.8195850849	TCP	522	40	1	2
16.7889618874	ICMP	543	543	1	3
15.4978199005	TCP	536	40	1	1
39.2642979622	TCP	996	40	1	5
30.2732110023	ICMP	520	520	1	2
40.3696298599	TCP	1257	40	1	5
2.15243601799	ICMP	499	499	1	3
24.5106780529	TCP	746	40	1	1
17.8195750713	TCP	1166	40	1	4
48.2392570972	TCP	525	40	1	2
25.1244339943	ICMP	271	271	1	1
21.6359050274	TCP	1126	40	1	3
18.4580080509	ICMP	195	195	1	5
5.72539305687	TCP	991	40	1	3
34.2292330265	TCP	562	40	1	4
43.2110300064	TCP	752	40	1	5
8.46569395065	TCP	627	40	1	1
48.1694579124	TCP	469	40	1	2
20.1552789211	ICMP	371	371	1	2
49.1848399639	TCP	1006	40	1	1
46.4095599651	UDP	595	576	1	6
39.9826498032	TCP	52	40	1	1
30.2625889778	TCP	301	40	1	2
49.3108758926	ICMP	306	306	1	2
0.867861032486	ICMP	278	278	2	2
42.8253369331	UDP	312	340	1	2
8.43256902695	UDP	340	368	1	1
33.0646030903	ICMP	610	610	1	2
19.1767230034	TCP	626	40	1	3
6.10057497025	TCP	1167	40	1	1
6.6512799263	UDP	289	317	1	5
54.0607099533	UDP	371	399	1	1
24.6110639572	TCP	443	40	1	1
10.3502669334	UDP	30	58	1	2
0.599097967148	ICMP	383	383	2	4
17.914222002	ICMP	646	646	1	2
16.0002369881	TCP	347	40	1	5
48.2051129341	UDP	118	146	1	2
11.1131119728	TCP	205	40	1	3
14.0936250687	TCP	851	40	1	2
26.7686090469	ICMP	311	311	1	3
45.259483099	TCP	1199	40	1	2
50.5727939606	ICMP	628	628	1	1
6.18811297417	TCP	931	40	1	1
23.9995541573	ICMP	497	497	1	2
44.139756918	UDP	641	576	1	4
40.7139189243	ICMP	35	35	1	3
57.1177389622	TCP	142	40	1	1
42.4100298882	UDP	242	270	1	2
4.42957782745	TCP	940	40	1	2
16.4791920185	TCP	1148	40	1	1
16.4769308567	UDP	398	426	1	3
39.7019810677	TCP	990	40	1	3
42.2464420795	ICMP	122	122	1	1
50.0820071697	ICMP	230	230	1	1
24.1472358704	UDP	801	576	1	3
41.0153770447	TCP	577	40	1	4
16.8897168636	ICMP	613	613	1	3
49.9229128361	TCP	485	40	1	1
46.870937109	UDP	565	576	1	3
2.79189920425	TCP	528	40	1	3
49.2948060036	TCP	1033	40	1	1
42.3161120415	TCP	388	40	1	2
18.812237978	TCP	598	40	1	2
43.1874461174	UDP	237	265	1	5
48.417044878	UDP	625	576	1	1
49.3374400139	UDP	999	576	1	4
2.79162096977	ICMP	536	536	1	5
11.0132858753	TCP	1322	40	1	3
5.81266999245	ICMP	373	373	1	3
0.565123081207	UDP	916	576	2	2
50.3309278488	ICMP	37	37	1	1
2.39966011047	TCP	362	40	1	2
42.9497170448	TCP	337	40	1	1
16.3812110424	ICMP	94	94	1	1
22.0456740856	ICMP	117	117	1	1
2.78718590736	TCP	171	40	1	2
10.4868199825	ICMP	494	494	1	3
52.2850551605	TCP	288	40	1	1
51.8516619205	TCP	943	40	1	3
43.3767690659	ICMP	72	72	1	3
38.5016689301	UDP	467	495	1	3
3.35853409767	ICMP	95	95	1	3
11.6399347782	ICMP	86	86	1	2
41.8571560383	ICMP	529	529	1	3
36.9540650845	UDP	384	412	1	2
33.3849070072	TCP	1002	40	1	2
43.0913500786	TCP	677	40	1	2
18.7223548889	TCP	173	40	1	2
41.6746981144	ICMP	252	252	1	3
50.3568348885	ICMP	543	543	1	2
42.2716150284	TCP	117	40	1	6
2.88609004021	ICMP	55	55	1	1
16.4195010662	ICMP	702	702	1	1
18.2865149975	ICMP	278	278	1	1
14.5167717934	ICMP	288	288	1	3
48.3377439976	ICMP	492	492	1	1
44.6707458496	UDP	369	397	1	3
1.01528310776	TCP	123	40	2	3
15.3495998383	TCP	872	40	1	2
13.9439630508	TCP	832	40	1	4
47.5517699718	TCP	212	40	1	1
5.73945093155	ICMP	269	269	1	2
0.534149169922	UDP	943	576	2	4
50.4839599133	TCP	678	40	1	1
3.09419322014	TCP	868	40	1	3
43.8695781231	UDP	575	576	1	4
52.0646660328	TCP	1260	40	1	1
43.7688140869	ICMP	650	650	1	2
29.6489582062	TCP	1218	40	1	4
47.5595581532	TCP	1238	40	1	3
43.4693980217	UDP	779	576	1	4
1.98870110512	ICMP	76	76	2	3
50.4882647991	UDP	369	397	1	2
50.818582058	TCP	96	40	1	2
43.1888279915	TCP	739	40	1	1
2.3717880249	UDP	222	250	1	2
14.3561868668	ICMP	597	597	1	1
44.1203420162	UDP	688	576	1	3
54.7764208317	UDP	746	576	1	1
43.0508799553	ICMP	235	235	1	3
40.7433769703	TCP	809	40	1	5
2.32961797714	ICMP	482	482	1	2
9.08925104141	TCP	1216	40	1	4
32.5178101063	ICMP	161	161	1	1
50.6077690125	ICMP	244	244	1	1
42.8837020397	TCP	756	40	1	2
7.22994804382	TCP	720	40	1	2
39.1760408878	ICMP	392	392	1	5
13.8981969357	TCP	1136	40	1	3
46.7984240055	UDP	207	235	1	2
39.1793758869	ICMP	426	426	1	3
44.1489958763	TCP	1026	40	1	4
51.5470039845	ICMP	215	215	1	1
47.4992170334	ICMP	551	551	1	2
50.3168609142	TCP	825	40	1	2
32.4091780186	ICMP	196	196	1	2
43.4376749992	TCP	78	40	1	2
0.883519172668	UDP	605	576	2	3
35.0653498173	ICMP	515	515	1	2
25.5583841801	TCP	279	40	1	2
8.26041507721	ICMP	698	698	1	2
47.9452869892	TCP	699	40	1	3
22.960422039	TCP	983	40	1	2
52.5652191639	ICMP	696	696	1	4
52.1170198917	TCP	1244	40	1	3
1.97901797295	TCP	565	40	2	7
30.0056121349	ICMP	335	335	1	3
31.1981389523	TCP	523	40	1	1
48.92988801	ICMP	167	167	1	3
48.7923140526	ICMP	87	87	1	1
15.8964297771	UDP	800	576	1	2
34.1506869793	UDP	672	576	1	4
47.0988371372	TCP	542	40	1	3
50.5801119804	UDP	192	220	1	2
2.08740091324	UDP	471	499	1	1
11.2515900135	TCP	597	40	1	3
42.9982471466	TCP	1111	40	1	3
8.6365840435	UDP	679	576	1	2
15.6612138748	ICMP	272	272	1	1
5.11753296852	TCP	1300	40	1	1
41.041903019	UDP	518	546	1	2
43.6558640003	TCP	1286	40	1	1
47.4198448658	UDP	887	576	1	1
48.6359260082	TCP	333	40	1	5
41.9368219376	TCP	217	40	1	4
49.0051410198	ICMP	52	52	1	3
51.6996190548	TCP	720	40	1	2
48.4299430847	ICMP	52	52	1	1
14.9280738831	ICMP	324	324	1	3
45.7869999409	TCP	873	40	1	3
49.6655628681	UDP	290	318	1	2
13.3342881203	ICMP	458	458	1	1
42.1573491096	ICMP	194	194	1	5
46.5097250938	ICMP	711	711	1	1
46.9238140583	TCP	1320	40	1	1
0.780101776123	UDP	978	576	2	3
20.9868929386	TCP	1340	40	1	5
7.34937691689	TCP	269	40	1	1
22.6686570644	TCP	821	40	1	2
24.4995288849	TCP	453	40	1	3
46.7895669937	ICMP	167	167	1	3
47.6788699627	UDP	697	576	1	4
42.6438980103	TCP	530	40	1	2
22.6908028126	TCP	959	40	1	2
48.589733839	ICMP	549	549	1	3
50.1809420586	TCP	984	40	1	3
42.2600591183	ICMP	112	112	1	4
42.4885659218	ICMP	394	394	1	5
18.4600250721	ICMP	574	574	1	2
47.8159189224	ICMP	111	111	1	5
52.1862859726	UDP	944	576	1	4
5.7835829258	UDP	409	437	1	2
32.3356590271	ICMP	88	88	1	3
2.45212602615	ICMP	51	51	1	5
49.6636819839	TCP	554	40	1	3
49.0461509228	UDP	717	576	1	1
24.9771361351	TCP	945	40	1	4
42.120787859	UDP	603	576	1	3
32.4198670387	ICMP	165	165	1	3
50.7648949623	TCP	366	40	1	1
9.18471002579	ICMP	131	131	1	1
18.0428459644	UDP	218	246	1	1
10.8626110554	TCP	1241	40	1	4
50.7996139526	ICMP	345	345	1	1
0.742482185364	TCP	720	40	2	5
45.1268041134	ICMP	646	646	1	2
5.57937312126	ICMP	362	362	1	2
2.84052491188	TCP	305	40	1	2
41.3833909035	UDP	1000	576	1	4
0.749186038971	ICMP	528	528	2	2
27.4399840832	TCP	557	40	1	3
42.7687859535	TCP	192	40	1	4
45.1692631245	TCP	1152	40	1	4
27.1392719746	TCP	1185	40	1	3
43.6019120216	TCP	659	40	1	3
46.9102759361	UDP	627	576	1	1
43.5446670055	ICMP	514	514	1	5
48.6600608826	UDP	385	413	1	3
21.4036509991	TCP	1117	40	1	2
15.2394070625	UDP	549	576	1	2
23.3151650429	UDP	611	576	1	2
14.4830861092	ICMP	241	241	1	1
30.8655669689	TCP	1338	40	1	1
2.91357493401	TCP	100	40	1	4
7.73946213722	TCP	502	40	1	2
23.9805810452	UDP	737	576	1	3
6.03271889687	TCP	1228	40	1	4
42.1697440147	ICMP	380	380	1	2
46.9257891178	ICMP	32	32	1	3
2.12262392044	TCP	184	40	1	2
40.3597579002	TCP	1247	40	1	3
34.6823358536	TCP	1156	40	1	2
0.962365150452	ICMP	121	121	2	4
38.2121469975	TCP	137	40	1	2
4.08078694344	UDP	433	461	1	1
0.901865959167	UDP	33	61	2	4
40.589730978	TCP	1318	40	1	4
41.360325098	ICMP	81	81	1	1
47.8273119926	TCP	367	40	1	4
11.1899540424	ICMP	524	524	1	3
22.239454031	TCP	731	40	1	3
27.4508960247	ICMP	235	235	1	5
5.4604408741	ICMP	697	697	1	2
47.7093667984	TCP	294	40	1	2
49.5764651299	TCP	237	40	1	4
18.1594750881	ICMP	617	617	1	4
53.5291860104	ICMP	94	94	1	2
53.2209739685	UDP	82	110	1	2
46.5790941715	ICMP	633	633	1	2
33.2392559052	UDP	427	455	1	3
55.7146100998	UDP	335	363	1	2
50.556194067	TCP	100	40	1	1
18.9208381176	UDP	628	576	1	3
34.8078229427	TCP	606	40	1	3
49.8134889603	TCP	603	40	1	6
50.7825889587	TCP	1133	40	1	2
0.736212015152	UDP	52	80	2	2
33.5994880199	ICMP	229	229	1	2
19.9797580242	ICMP	91	91	1	1
52.3741841316	TCP	299	40	1	2
44.0854489803	TCP	1271	40	1	2
17.6440598965	ICMP	651	651	1	3
3.80931401253	TCP	1253	40	1	4
0.695497989655	ICMP	416	416	2	4
53.616948843	UDP	349	377	1	1
14.6280148029	ICMP	310	310	1	1
2.99222803116	ICMP	191	191	1	1
8.46866798401	TCP	366	40	1	5
42.1799449921	ICMP	436	436	1	2
29.7598669529	TCP	170	40	1	6
7.08755493164	TCP	313	40	1	3
1.08924484253	ICMP	620	620	2	4
43.1774480343	TCP	510	40	1	1
12.7593719959	TCP	935	40	1	1
8.60298514366	UDP	199	227	1	2
33.1774659157	TCP	1146	40	1	5
8.82275080681	TCP	466	40	1	5
48.0566291809	TCP	1188	40	1	2
41.3847000599	TCP	1179	40	1	1
42.1696619987	TCP	54	40	1	1
23.5017709732	TCP	139	40	1	2
48.2804291248	TCP	446	40	1	2
7.22642397881	TCP	491	40	1	1
28.581594944	TCP	878	40	1	4
45.4573891163	ICMP	52	52	1	2
15.3404321671	UDP	611	576	1	2
27.003287077	UDP	269	297	1	3
21.5398480892	TCP	693	40	1	4
51.3986599445	TCP	1141	40	1	2
49.8773059845	TCP	267	40	1	4
25.4352610111	ICMP	575	575	1	1
48.2624821663	TCP	341	40	1	3
50.9401090145	ICMP	39	39	1	5
25.0899829865	TCP	420	40	1	1
8.53898882866	TCP	1033	40	1	4
40.9951560497	TCP	1118	40	1	4
48.6088740826	TCP	1087	40	1	4
44.7829020023	UDP	568	576	1	3
50.3088059425	TCP	844	40	1	3
50.8224270344	TCP	1289	40	1	1
10.7006680965	UDP	103	131	1	2
2.18023991585	UDP	92	120	1	2
22.4096829891	UDP	635	576	1	3
26.7525341511	TCP	42	40	1	3
12.8558058739	TCP	383	40	1	2
38.5251119137	TCP	939	40	1	3
50.6255950928	TCP	1292	40	1	1
8.68591713905	TCP	1038	40	1	2
11.8239068985	ICMP	465	465	1	2
14.099657774	TCP	1135	40	1	2
11.3588061333	TCP	1160	40	1	1
19.492472887	TCP	551	40	1	3
24.0737659931	UDP	1024	576	1	2
53.048281908	TCP	865	40	1	1
33.0899500847	TCP	131	40	1	1
0.941543102264	TCP	610	40	2	2
37.4266359806	ICMP	607	607	1	2
41.3336498737	TCP	1272	40	1	5
50.6185109615	TCP	172	40	1	1
47.0285189152	TCP	809	40	1	2
46.2991228104	TCP	745	40	1	2
44.6903190613	TCP	1266	40	1	6
18.6409571171	TCP	944	40	1	1
17.9529621601	TCP	750	40	1	1
52.8001079559	ICMP	674	674	1	2
5.58928990364	ICMP	664	664	1	2
43.1017258167	TCP	1023	40	1	2
43.0644278526	TCP	512	40	1	4
2.89771294594	ICMP	581	581	1	1
26.2676150799	TCP	702	40	1	2
47.0768260956	ICMP	640	640	1	1
37.7239911556	TCP	130	40	1	1
47.4418680668	TCP	726	40	1	2
4.18988895416	ICMP	202	202	1	4
48.5994400978	TCP	877	40	1	2
51.6764268875	TCP	1037	40	1	1
41.2132430077	ICMP	504	504	1	4
47.3552641869	ICMP	200	200	1	1
0.499423027039	UDP	799	576	2	3
44.9498670101	TCP	408	40	1	4
14.3048040867	TCP	980	40	1	3
13.7095310688	TCP	1216	40	1	2
27.8203129768	ICMP	216	216	1	2
48.8957431316	ICMP	477	477	1	1
29.96245718	TCP	87	40	1	3
17.9463410378	ICMP	329	329	1	3
47.6932251453	ICMP	610	610	1	2
51.8486590385	TCP	291	40	1	4
47.0914750099	ICMP	121	121	1	3
50.3577058315	TCP	1172	40	1	3
43.7894020081	TCP	1196	40	1	2
45.0511598587	TCP	1312	40	1	1
42.08335495	ICMP	612	612	1	1
47.6593749523	ICMP	174	174	1	1
10.3919479847	TCP	155	40	1	1
11.8810257912	TCP	615	40	1	4
11.497262001	UDP	201	229	1	4
38.4590070248	ICMP	337	337	1	1
16.049120903	UDP	453	481	1	2
45.7571668625	TCP	184	40	1	4
0.8032310009	TCP	1270	40	2	4
0.237744092941	UDP	953	576	2	2
1.23908615112	TCP	1031	40	2	4
11.7997031212	TCP	497	40	1	1
54.291246891	UDP	919	576	1	1
52.3648011684	UDP	604	576	1	5
17.9593019485	TCP	1285	40	1	1
0.656116008759	TCP	352	40	2	3
38.6306807995	UDP	987	576	1	5
7.19960021973	TCP	810	40	1	1
48.8641138077	TCP	932	40	1	1
20.1194508076	TCP	1033	40	1	2
17.1192247868	ICMP	613	613	1	1
44.9996190071	ICMP	449	449	1	3
50.5596089363	ICMP	293	293	1	1
17.0199971199	TCP	594	40	1	2
47.8147130013	TCP	1205	40	1	1
49.1936619282	UDP	578	576	1	2
50.370169878	UDP	53	81	1	1
46.222935915	TCP	1105	40	1	1
43.0491549969	ICMP	674	674	1	6
50.2510368824	TCP	916	40	1	2
8.91528391838	ICMP	476	476	1	4
13.7817070484	TCP	258	40	1	5
43.4797019958	ICMP	514	514	1	1
38.1113080978	TCP	203	40	1	1
10.8106770515	ICMP	346	346	1	3
14.9443469048	TCP	151	40	1	2
16.573472023	TCP	1141	40	1	2
45.6309378147	ICMP	81	81	1	3
30.3035359383	TCP	1290	40	1	4
14.3970561028	ICMP	283	283	1	7
1.78776407242	TCP	328	40	2	5
43.4088969231	ICMP	471	471	1	4
0.574244022369	ICMP	614	614	2	3
31.0856449604	ICMP	587	587	1	2
16.5230309963	ICMP	211	211	1	3
39.0961389542	ICMP	280	280	1	2
48.5160529613	TCP	286	40	1	1
51.2535409927	TCP	963	40	1	1
42.9783830643	TCP	456	40	1	2
48.7002408504	ICMP	441	441	1	1
48.5830590725	TCP	571	40	1	1
8.10058689117	UDP	81	109	1	1
17.4619588852	ICMP	495	495	1	1
45.9327521324	TCP	1296	40	1	2
0.539020061493	TCP	789	40	2	4
45.8459169865	TCP	813	40	1	3
15.0129241943	TCP	1078	40	1	5
43.111000061	TCP	984	40	1	5
32.1826138496	UDP	402	430	1	1
41.7794008255	ICMP	71	71	1	2
20.7598850727	ICMP	526	526	1	4
6.69883394241	TCP	754	40	1	4
50.1006557941	TCP	140	40	1	2
9.80546283722	ICMP	536	536	1	2
48.1147348881	ICMP	240	240	1	4
42.9729650021	UDP	944	576	1	2
44.8192868233	TCP	744	40	1	4
2.17808103561	TCP	478	40	1	2
51.5606238842	TCP	225	40	1	1
17.5634379387	UDP	484	512	1	2
37.9396128654	TCP	1004	40	1	3
40.430341959	TCP	631	40	1	4
5.53119301796	UDP	558	576	1	7
39.6631410122	ICMP	316	316	1	3
2.03486299515	UDP	972	576	1	1
24.1279609203	UDP	52	80	1	2
50.0916922092	UDP	984	576	1	2
42.0839719772	TCP	1159	40	1	3
27.6887919903	TCP	1283	40	1	1
38.1891288757	ICMP	418	418	1	2
42.5772709846	TCP	1079	40	1	4
39.9120929241	ICMP	573	573	1	2
16.6898958683	TCP	1248	40	1	2
23.2803587914	UDP	329	357	1	3
20.5771758556	ICMP	205	205	1	1
43.3153131008	UDP	915	576	1	4
9.02662420273	ICMP	89	89	1	1
49.4667170048	UDP	456	484	1	3
44.7413311005	TCP	345	40	1	1
29.4908921719	UDP	937	576	1	3
45.3292789459	TCP	1175	40	1	1
11.6073570251	ICMP	150	150	1	2
2.74045991898	ICMP	541	541	1	2
2.73290419579	TCP	257	40	1	2
49.2511880398	TCP	403	40	1	4
21.3748099804	UDP	289	317	1	4
42.5444440842	TCP	160	40	1	2
42.9847061634	TCP	514	40	1	1
5.58868908882	UDP	736	576	1	1
50.3890259266	TCP	720	40	1	1
50.0905199051	TCP	588	40	1	3
41.505769968	ICMP	51	51	1	4
47.6822838783	TCP	603	40	1	3
1.5322098732	UDP	30	58	2	5
23.9346408844	ICMP	530	530	1	1
43.8701310158	ICMP	61	61	1	3
13.1448421478	UDP	485	513	1	1
35.5239121914	TCP	609	40	1	2
51.4460630417	ICMP	690	690	1	1
22.4915750027	TCP	600	40	1	2
50.5001320839	ICMP	443	443	1	1
50.115311861	UDP	290	318	1	4
1.76727485657	TCP	133	40	2	7
44.0573208332	TCP	46	40	1	1
25.5457618237	ICMP	333	333	1	3
48.8188860416	TCP	806	40	1	3
50.8592860699	ICMP	368	368	1	4
37.4028880596	ICMP	47	47	1	4
1.47987794876	ICMP	204	204	2	5
18.3703610897	UDP	348	376	1	3
48.3070201874	UDP	334	362	1	6
13.8044908047	TCP	1002	40	1	4
51.5865721703	ICMP	646	646	1	1
14.0291829109	UDP	642	576	1	2
53.1416611671	ICMP	438	438	1	3
24.1383211613	TCP	1131	40	1	1
5.73594021797	UDP	860	576	1	2
27.5805130005	TCP	463	40	1	1
48.0469489098	TCP	255	40	1	5
52.2051179409	TCP	957	40	1	1
14.4802939892	UDP	345	373	1	2
10.6996591091	UDP	815	576	1	3
15.2955579758	ICMP	566	566	1	2
27.4263231754	ICMP	189	189	1	2
45.5798799992	UDP	639	576	1	2
44.849709034	ICMP	258	258	1	1
47.7324099541	ICMP	595	595	1	3
40.8792951107	TCP	1120	40	1	6
49.6832020283	TCP	105	40	1	1
8.09803199768	ICMP	518	518	1	2
14.1496701241	TCP	479	40	1	4
44.1330070496	ICMP	488	488	1	3
41.2087919712	TCP	45	40	1	2
49.0704960823	UDP	637	576	1	1
2.73237204552	TCP	488	40	1	3
25.5545790195	TCP	338	40	1	1
1.3578619957	ICMP	123	123	2	3
46.0092790127	UDP	421	449	1	1
45.4272129536	ICMP	233	233	1	3
34.2095310688	TCP	578	40	1	1
24.8644881248	TCP	770	40	1	3
26.1197178364	ICMP	487	487	1	4
12.1688001156	TCP	772	40	1	2
51.6189990044	UDP	424	452	1	3
38.5177891254	ICMP	332	332	1	2
8.04973602295	TCP	234	40	1	2
53.0683391094	ICMP	300	300	1	4
0.484459877014	TCP	1276	40	2	3
45.0292949677	TCP	324	40	1	2
2.80802702904	TCP	1168	40	1	1
51.6206049919	TCP	1168	40	1	2
6.3188149929	ICMP	685	685	1	1
41.9822099209	UDP	130	158	1	7
49.055729866	ICMP	129	129	1	6
46.4250838757	ICMP	200	200	1	3
45.3889689445	TCP	943	40	1	1
50.3597481251	UDP	712	576	1	3
6.73212194443	TCP	1257	40	1	3
51.6352329254	TCP	709	40	1	2
47.8792340755	TCP	1111	40	1	5
29.6665279865	TCP	158	40	1	1
34.6695761681	TCP	368	40	1	3
48.0777001381	TCP	929	40	1	4
50.3088870049	TCP	929	40	1	5
42.8109340668	TCP	597	40	1	1
15.7450380325	ICMP	703	703	1	3
26.987128973	TCP	810	40	1	2
42.2098650932	UDP	904	576	1	2
5.90595507622	ICMP	321	321	1	1
2.57955408096	UDP	956	576	1	2
12.5913259983	TCP	833	40	1	1
25.810033083	TCP	313	40	1	4
43.4808051586	TCP	816	40	1	2
11.7976789474	UDP	567	576	1	4
51.6917169094	TCP	112	40	1	1
53.697040081	TCP	397	40	1	1
45.2793519497	TCP	1176	40	1	4
1.18994998932	TCP	292	40	2	4
47.9897129536	TCP	271	40	1	3
17.1993758678	TCP	389	40	1	2
8.52277588844	TCP	836	40	1	3
1.02759504318	TCP	680	40	2	4
54.2526600361	UDP	768	576	1	1
50.6094071865	ICMP	244	244	1	2
6.7230861187	TCP	203	40	1	2
46.0786719322	ICMP	352	352	1	3
50.3636660576	TCP	483	40	1	5
46.6645150185	TCP	1267	40	1	1
47.1193599701	TCP	532	40	1	3
11.9876308441	TCP	220	40	1	3
44.9139759541	ICMP	631	631	1	2
46.0740289688	TCP	711	40	1	2
42.4770100117	TCP	405	40	1	4
25.1492300034	TCP	1039	40	1	2
47.9177489281	ICMP	595	595	1	1
0.524304866791	ICMP	249	249	2	3
12.8936510086	TCP	368	40	1	2
0.588802814484	ICMP	350	350	2	2
42.8076710701	UDP	693	576	1	6
53.3402459621	ICMP	60	60	1	1
26.2783479691	TCP	176	40	1	2
23.5499081612	TCP	426	40	1	1
27.9835159779	UDP	153	181	1	3
5.41246294975	TCP	661	40	1	3
47.1463780403	TCP	1189	40	1	3
49.7647969723	ICMP	635	635	1	2
24.6214179993	ICMP	292	292	1	2
13.9211471081	ICMP	242	242	1	2
24.9601538181	UDP	387	415	1	4
12.5397489071	TCP	649	40	1	4
45.0692818165	ICMP	668	668	1	2
36.5942809582	TCP	92	40	1	3
15.9822330475	UDP	934	576	1	1
52.4855790138	UDP	936	576	1	3
46.6107518673	TCP	204	40	1	1
26.8643088341	TCP	959	40	1	2
29.6094989777	TCP	757	40	1	6
6.58250594139	TCP	922	40	1	2
14.4099872112	TCP	273	40	1	3
26.0794889927	TCP	700	40	1	3
51.4955461025	TCP	316	40	1	1
44.7895350456	ICMP	357	357	1	1
42.8692829609	UDP	862	576	1	4
44.784706831	ICMP	305	305	1	1
48.1101520061	TCP	597	40	1	3
15.8096849918	TCP	465	40	1	1
3.66734886169	ICMP	46	46	1	2
5.38288617134	ICMP	434	434	1	3
41.8495109081	ICMP	710	710	1	6
33.7896227837	TCP	700	40	1	1
2.27926898003	TCP	815	40	1	4
51.2714431286	TCP	575	40	1	2
44.5072488785	TCP	1075	40	1	5
44.9111092091	TCP	716	40	1	1
49.9288320541	UDP	483	511	1	1
8.74999094009	ICMP	689	689	1	4
57.3324069977	ICMP	63	63	1	1
49.8996288776	TCP	461	40	1	3
47.6913518906	TCP	819	40	1	5
39.7672400475	UDP	349	377	1	5
19.0298190117	TCP	1098	40	1	1
43.8599340916	TCP	1172	40	1	2
29.9870221615	ICMP	591	591	1	3
27.9292421341	TCP	995	40	1	3
51.746712923	TCP	851	40	1	2
34.016356945	ICMP	413	413	1	1
43.4393548965	TCP	492	40	1	1
14.9830141068	UDP	777	576	1	3
22.1067609787	TCP	842	40	1	2
46.9085719585	UDP	154	182	1	1
52.5407161713	ICMP	507	507	1	1
41.0196630955	ICMP	310	310	1	2
0.567034006119	TCP	273	40	2	2
14.9273719788	TCP	566	40	1	3
51.0960230827	TCP	58	40	1	4
35.6934859753	TCP	685	40	1	4
10.6446712017	UDP	742	576	1	3
17.0525121689	ICMP	437	437	1	2
42.1112468243	ICMP	31	31	1	1
1.63899087906	TCP	1286	40	2	2
52.9192459583	TCP	1276	40	1	3
47.9885690212	TCP	981	40	1	5
46.0950770378	UDP	265	293	1	1
1.60933613777	UDP	317	345	2	4
26.3625199795	UDP	648	576	1	3
43.8684678078	ICMP	532	532	1	4
28.6424150467	TCP	1265	40	1	3
40.6458368301	TCP	925	40	1	1
21.6835269928	ICMP	559	559	1	3
47.6722710133	TCP	792	40	1	3
7.45916199684	TCP	1235	40	1	1
44.5538289547	ICMP	691	691	1	1
35.8680639267	TCP	1214	40	1	3
30.5792479515	ICMP	137	137	1	4
12.1296429634	TCP	1136	40	1	4
1.66769385338	TCP	216	40	2	4
23.2014331818	TCP	1312	40	1	4
25.980325222	UDP	506	534	1	2
5.78113889694	TCP	847	40	1	2
42.0998020172	ICMP	239	239	1	3
42.1634700298	UDP	926	576	1	3
12.239741087	ICMP	547	547	1	1
52.9827439785	ICMP	597	597	1	1
48.3006868362	ICMP	665	665	1	4
22.6163752079	TCP	423	40	1	3
26.5408649445	TCP	103	40	1	3
43.294424057	TCP	719	40	1	2
14.8783340454	UDP	367	395	1	2
31.7500889301	UDP	56	84	1	2
43.7637009621	ICMP	566	566	1	3
31.7202591896	ICMP	130	130	1	4
14.5392360687	TCP	1319	40	1	2
0.674674987793	TCP	62	40	2	2
44.8564682007	UDP	200	228	1	1
27.93227005	UDP	995	576	1	4
45.2808890343	UDP	409	437	1	2
33.9121549129	TCP	101	40	1	2
45.6851780415	ICMP	697	697	1	2
27.6562271118	TCP	803	40	1	2
20.142318964	TCP	1322	40	1	2
42.1137270927	UDP	925	576	1	2
0.385588884354	UDP	537	565	2	2
39.4889659882	TCP	952	40	1	2
51.5882480145	TCP	62	40	1	1
48.5323779583	TCP	1139	40	1	2
22.1238670349	TCP	1259	40	1	3
49.209002018	TCP	738	40	1	2
49.1371731758	UDP	450	478	1	2
50.7886481285	TCP	941	40	1	2
46.283010006	ICMP	428	428	1	1
49.0934598446	TCP	504	40	1	3
13.9710011482	TCP	907	40	1	2
3.99002599716	ICMP	59	59	1	2
45.9584350586	ICMP	597	597	1	6
50.8157858849	UDP	569	576	1	1
39.1416740417	ICMP	242	242	1	3
36.3299529552	ICMP	389	389	1	1
21.2152619362	TCP	521	40	1	2
38.5537619591	TCP	400	40	1	1
20.9099829197	TCP	339	40	1	2
47.3946249485	UDP	260	288	1	1
33.1563081741	ICMP	698	698	1	3
1.1492369175	TCP	1111	40	2	4
3.91413402557	TCP	51	40	1	4
22.6043548584	ICMP	525	525	1	2
51.6734418869	UDP	479	507	1	1
1.26011300087	TCP	918	40	2	2
1.23289990425	TCP	218	40	2	3
44.8041470051	UDP	524	552	1	2
14.4094619751	TCP	211	40	1	3
33.917568922	TCP	455	40	1	3
45.3966588974	ICMP	148	148	1	3
5.1672680378	UDP	437	465	1	2
44.5045571327	UDP	123	151	1	6
43.100014925	TCP	1196	40	1	3
42.4506800175	UDP	215	243	1	1
37.9311959743	ICMP	291	291	1	2
23.7573628426	ICMP	99	99	1	3
18.5102000237	TCP	93	40	1	4
44.218629837	ICMP	229	229	1	5
7.34724283218	TCP	1261	40	1	1
12.8389229774	ICMP	640	640	1	3
43.843503952	TCP	413	40	1	1
7.35998606682	TCP	582	40	1	2
50.8178517818	TCP	1014	40	1	2
1.44966697693	TCP	455	40	2	2
14.0968849659	ICMP	259	259	1	3
42.2809660435	TCP	52	40	1	1
45.1985120773	TCP	391	40	1	4
51.6956100464	ICMP	135	135	1	2
1.99450802803	TCP	480	40	2	3
0.53625702858	TCP	700	40	2	2
47.8182768822	TCP	403	40	1	2
47.3936550617	ICMP	274	274	1	1
9.97952818871	TCP	652	40	1	4
39.6947100163	ICMP	249	249	1	1
3.56823992729	UDP	978	576	1	3
4.62897801399	ICMP	300	300	1	4
5.95118498802	UDP	941	576	1	6
18.0491919518	ICMP	450	450	1	5
47.9912178516	ICMP	290	290	1	1
43.1896100044	UDP	386	414	1	1
27.0844509602	TCP	1112	40	1	2
51.9192118645	ICMP	207	207	1	3
47.0088708401	ICMP	318	318	1	2
46.9500579834	TCP	494	40	1	1
56.9492819309	ICMP	560	560	1	1
12.3778250217	UDP	825	576	1	3
42.1996319294	ICMP	433	433	1	1
48.3195469379	TCP	233	40	1	3
50.1289269924	TCP	322	40	1	4
1.23230099678	ICMP	202	202	2	2
7.97161602974	UDP	947	576	1	3
41.460351944	ICMP	59	59	1	1
4.55799508095	ICMP	553	553	1	2
45.9721791744	ICMP	527	527	1	3
50.8048651218	ICMP	556	556	1	1
43.073622942	ICMP	514	514	1	3
16.9695398808	TCP	284	40	1	3
47.7263031006	ICMP	298	298	1	5
44.1356520653	UDP	81	109	1	3
50.4547741413	TCP	1213	40	1	1
13.4897119999	TCP	623	40	1	1
43.3283689022	ICMP	32	32	1	1
2.42818498611	TCP	700	40	1	1
51.3395760059	UDP	325	353	1	1
25.6103880405	ICMP	473	473	1	3
40.5657398701	TCP	1331	40	1	3
25.5557358265	TCP	394	40	1	3
38.1906249523	TCP	531	40	1	1
13.6395590305	UDP	904	576	1	1
3.43937683105	TCP	1251	40	1	2
41.0797550678	ICMP	475	475	1	2
49.6563999653	ICMP	588	588	1	2
14.4438939095	ICMP	523	523	1	6
40.9194030762	ICMP	642	642	1	1
18.031414032	TCP	1155	40	1	2
49.1012630463	UDP	307	335	1	1
21.0403311253	UDP	278	306	1	2
48.1506187916	TCP	576	40	1	4
2.46738505363	UDP	579	576	1	1
29.4745128155	TCP	127	40	1	6
13.1126852036	UDP	309	337	1	1
34.8718369007	ICMP	60	60	1	3
49.0031020641	TCP	135	40	1	1
17.9598419666	ICMP	87	87	1	2
24.0395259857	ICMP	686	686	1	5
17.6927118301	ICMP	372	372	1	2
43.3789081573	TCP	406	40	1	2
40.8789970875	TCP	306	40	1	3
34.5532970428	TCP	517	40	1	2
4.67811512947	TCP	1186	40	1	3
39.8695399761	ICMP	276	276	1	2
42.9893651009	TCP	1055	40	1	1
28.9563679695	TCP	429	40	1	2
10.5597498417	TCP	758	40	1	2
48.3928658962	TCP	113	40	1	5
33.5990018845	ICMP	654	654	1	1
45.894217968	UDP	886	576	1	2
21.1684699059	ICMP	68	68	1	5
49.1403470039	UDP	583	576	1	2
23.7649261951	TCP	323	40	1	2
45.410189867	ICMP	178	178	1	1
2.63047790527	TCP	610	40	1	1
18.611451149	ICMP	624	624	1	2
47.0783970356	ICMP	537	537	1	4
44.6790430546	TCP	1104	40	1	2
19.2137541771	TCP	592	40	1	3
5.20134305954	ICMP	412	412	1	1
41.7295329571	UDP	879	576	1	4
9.45946288109	ICMP	519	519	1	6
44.7863428593	TCP	309	40	1	6
56.4168610573	TCP	475	40	1	1
2.6090669632	TCP	502	40	1	1
56.4493939877	UDP	398	426	1	1
52.3645629883	ICMP	595	595	1	1
33.340471983	ICMP	565	565	1	5
48.4771637917	TCP	1090	40	1	2
50.0651512146	TCP	423	40	1	1
29.6598219872	TCP	754	40	1	2
10.5599291325	TCP	704	40	1	2
39.419023037	TCP	1201	40	1	2
37.1042568684	TCP	332	40	1	3
51.7897849083	ICMP	256	256	1	1
1.4982149601	ICMP	241	241	2	3
13.6092209816	UDP	423	451	1	3
3.58952903748	ICMP	50	50	1	1
20.2877590656	ICMP	476	476	1	1
36.3947710991	TCP	504	40	1	6
15.5936579704	ICMP	641	641	1	2
41.003278017	TCP	520	40	1	3
0.460701942444	TCP	412	40	2	2
33.6109621525	ICMP	728	728	1	2
1.01504206657	TCP	1190	40	2	3
48.8694190979	ICMP	303	303	1	1
42.9419400692	TCP	551	40	1	2
13.215503931	TCP	86	40	1	4
40.8606359959	ICMP	113	113	1	5
41.5498850346	UDP	48	76	1	3
44.2626998425	TCP	1316	40	1	3
41.7268078327	TCP	866	40	1	1
33.8571901321	TCP	1213	40	1	1
50.23914814	TCP	91	40	1	1
42.4248790741	TCP	641	40	1	2
56.0954360962	TCP	1288	40	1	1
50.907998085	TCP	918	40	1	1
45.259937048	TCP	313	40	1	1
36.8920209408	TCP	413	40	1	2
50.0847301483	UDP	677	576	1	2
41.2604880333	ICMP	569	569	1	1
43.97793293	TCP	1238	40	1	4
5.54126620293	UDP	726	576	1	3
11.7051270008	TCP	67	40	1	3
17.3893170357	ICMP	259	259	1	3
6.41338586807	ICMP	491	491	1	2
41.6590600014	ICMP	88	88	1	2
0.910737037659	TCP	514	40	2	5
47.0967140198	TCP	1086	40	1	2
44.6864910126	ICMP	635	635	1	2
50.7061159611	UDP	173	201	1	1
8.47837305069	TCP	1336	40	1	2
42.6022388935	ICMP	479	479	1	3
10.8956561089	ICMP	401	401	1	2
19.43404603	UDP	727	576	1	1
20.4973599911	ICMP	694	694	1	2
49.1907970905	TCP	1005	40	1	4
22.8154089451	UDP	110	138	1	1
46.0149030685	TCP	510	40	1	4
6.73163104057	UDP	40	68	1	1
49.5901298523	TCP	312	40	1	3
8.01415395737	TCP	1267	40	1	2
51.0929479599	TCP	76	40	1	1
45.0003709793	ICMP	666	666	1	1
9.02967500687	TCP	290	40	1	3
19.9885001183	ICMP	91	91	1	3
26.0380849838	ICMP	727	727	1	2
5.95379710197	TCP	813	40	1	2
46.8093159199	ICMP	389	389	1	2
41.3986110687	TCP	1143	40	1	2
47.1313400269	UDP	554	576	1	3
15.6189930439	UDP	805	576	1	1
52.2953159809	ICMP	88	88	1	2
17.7994441986	TCP	1098	40	1	3
46.0751259327	TCP	112	40	1	1
40.7710821629	UDP	921	576	1	1
31.3016381264	UDP	652	576	1	3
48.7825300694	UDP	573	576	1	2
49.8513360023	TCP	638	40	1	3
21.5791828632	TCP	537	40	1	2
46.4367249012	TCP	959	40	1	3
22.7496421337	ICMP	403	403	1	3
10.3566081524	ICMP	582	582	1	4
1.00242996216	UDP	462	490	2	4
50.7584118843	UDP	130	158	1	1
53.0173370838	UDP	396	424	1	1
18.7609181404	TCP	43	40	1	3
38.9713718891	TCP	550	40	1	4
23.9194760323	TCP	124	40	1	2
47.989814043	TCP	193	40	1	1
17.8893787861	TCP	1118	40	1	1
42.8123550415	UDP	79	107	1	1
41.6898899078	ICMP	456	456	1	1
43.2903549671	UDP	501	529	1	2
2.62288284302	ICMP	589	589	1	1
48.5472099781	TCP	213	40	1	2
21.3993520737	TCP	498	40	1	2
48.0828840733	ICMP	302	302	1	2
44.2301499844	UDP	32	60	1	2
32.4896450043	TCP	1244	40	1	6
11.2978610992	TCP	1322	40	1	3
10.6751420498	TCP	1308	40	1	3
5.15060901642	TCP	605	40	1	1
41.4707629681	ICMP	220	220	1	4
24.337567091	ICMP	217	217	1	2
14.2648029327	TCP	1186	40	1	1
48.6932311058	ICMP	621	621	1	1
46.9708518982	UDP	584	576	1	1
7.35488510132	TCP	468	40	1	2
50.7925570011	TCP	515	40	1	3
23.6903607845	UDP	750	576	1	2
14.6896278858	ICMP	299	299	1	3
10.8965899944	ICMP	185	185	1	4
50.8032619953	TCP	996	40	1	1
48.6307210922	TCP	259	40	1	5
45.5017180443	UDP	642	576	1	5
10.7644329071	UDP	31	59	1	1
8.2497150898	TCP	435	40	1	1
26.8401288986	ICMP	531	531	1	2
47.6163959503	TCP	190	40	1	1
50.5767221451	TCP	727	40	1	2
43.6001160145	UDP	947	576	1	2
43.3006598949	TCP	783	40	1	2
9.10336494446	TCP	469	40	1	3
17.3399970531	ICMP	408	408	1	3
19.0139811039	TCP	226	40	1	1
41.1769771576	ICMP	435	435	1	3
27.3926889896	TCP	780	40	1	3
27.378759861	TCP	319	40	1	2
1.66312408447	TCP	1238	40	2	2
45.3955290318	ICMP	489	489	1	1
0.469525814056	TCP	222	40	2	2
45.3435678482	TCP	626	40	1	3
13.6531379223	TCP	205	40	1	4
44.1302828789	TCP	442	40	1	5
11.1363248825	ICMP	307	307	1	4
49.2297189236	TCP	269	40	1	3
51.0996990204	TCP	187	40	1	2
1.77925109863	TCP	352	40	2	5
16.4771399498	TCP	515	40	1	2
0.773134946823	ICMP	126	126	2	4
5.61141705513	TCP	869	40	1	2
52.0839071274	ICMP	360	360	1	1
50.7994058132	ICMP	318	318	1	1
29.7716429234	TCP	771	40	1	1
6.96297192574	ICMP	115	115	1	4
12.9896581173	TCP	977	40	1	2
8.24986100197	ICMP	187	187	1	2
22.6597850323	TCP	532	40	1	2
14.1320359707	TCP	902	40	1	2
42.8090078831	ICMP	288	288	1	6
51.2837388515	TCP	821	40	1	5
25.9958510399	ICMP	241	241	1	3
33.1224410534	ICMP	90	90	1	3
49.8131330013	TCP	593	40	1	2
21.5269868374	TCP	251	40	1	3
49.0844089985	TCP	431	40	1	5
39.7893409729	ICMP	270	270	1	1
44.0296609402	ICMP	420	420	1	4
36.6438350677	ICMP	718	718	1	4
20.3501780033	UDP	163	191	1	1
14.9354948997	TCP	757	40	1	2
48.4777710438	ICMP	213	213	1	4
45.7768399715	ICMP	310	310	1	3
9.91324019432	UDP	995	576	1	1
1.47733712196	ICMP	143	143	2	2
36.7124710083	TCP	1304	40	1	4
30.7893829346	UDP	1025	576	1	2
42.4908981323	UDP	104	132	1	5
8.80103397369	UDP	596	576	1	4
37.8399460316	TCP	78	40	1	3
21.2925229073	ICMP	540	540	1	3
12.5959370136	UDP	49	77	1	2
27.8648540974	UDP	547	575	1	4
44.1690061092	TCP	260	40	1	5
0.596415996552	TCP	449	40	2	3
42.2986080647	TCP	660	40	1	3
5.6320939064	TCP	462	40	1	2
9.23691511154	TCP	845	40	1	1
52.3130471706	TCP	301	40	1	2
41.269780159	TCP	89	40	1	3
14.8506669998	TCP	619	40	1	3
51.0997958183	ICMP	643	643	1	1
30.5180430412	TCP	1178	40	1	2
10.0859220028	ICMP	169	169	1	1
10.3846518993	TCP	1179	40	1	5
5.6776061058	UDP	558	576	1	1
24.9895040989	TCP	1114	40	1	2
46.0298860073	UDP	30	58	1	3
50.824452877	ICMP	118	118	1	5
1.60090494156	TCP	231	40	2	4
46.9994289875	TCP	134	40	1	6
15.9958071709	UDP	485	513	1	3
50.6526110172	TCP	370	40	1	1
14.5068240166	TCP	1007	40	1	2
44.5797679424	TCP	361	40	1	1
47.0874218941	UDP	412	440	1	1
46.4139330387	UDP	357	385	1	3
0.859046936035	UDP	872	576	2	3
21.6432898045	TCP	804	40	1	2
51.5321691036	TCP	1130	40	1	1
13.8619658947	UDP	683	576	1	3
50.063352108	TCP	540	40	1	2
0.960253000259	TCP	614	40	2	3
0.708331108093	TCP	554	40	2	2
22.2204270363	TCP	1221	40	1	4
49.2507309914	ICMP	58	58	1	2
33.899875164	UDP	993	576	1	1
50.3329131603	ICMP	48	48	1	2
13.966422081	ICMP	290	290	1	2
23.3721339703	TCP	642	40	1	2
50.4219229221	ICMP	500	500	1	2
16.4492681026	UDP	549	576	1	1
22.2303669453	ICMP	108	108	1	2
16.2292881012	TCP	1207	40	1	2
28.5995140076	TCP	398	40	1	4
51.8974149227	TCP	1219	40	1	1
45.2243909836	TCP	1321	40	1	4
45.0091810226	TCP	972	40	1	3
50.1889848709	ICMP	110	110	1	3
15.199878931	ICMP	573	573	1	4
30.0569391251	UDP	785	576	1	6
51.0838549137	ICMP	534	534	1	4
18.5841059685	ICMP	444	444	1	1
42.9675850868	TCP	926	40	1	2
5.45311903954	ICMP	104	104	1	2
9.40697002411	ICMP	415	415	1	3
22.9446699619	TCP	1148	40	1	2
0.786729097366	TCP	907	40	2	2
33.1314389706	TCP	1027	40	1	1
1.3493540287	ICMP	292	292	2	4
35.6898579597	ICMP	156	156	1	1
0.195912122726	TCP	1058	40	2	2
45.2594389915	TCP	1333	40	1	1
0.727880954742	TCP	422	40	2	2
47.7838580608	TCP	764	40	1	1
50.4606449604	ICMP	80	80	1	1
46.2232530117	ICMP	317	317	1	4
45.3494238853	TCP	416	40	1	4
47.0172150135	UDP	500	528	1	1
40.8361420631	TCP	428	40	1	2
51.8197040558	TCP	1225	40	1	2
44.4608950615	UDP	75	103	1	1
21.3306860924	ICMP	426	426	1	3
50.5201599598	ICMP	677	677	1	2
43.3259670734	ICMP	174	174	1	2
2.91431212425	ICMP	545	545	1	2
13.4616959095	ICMP	338	338	1	2
8.19521689415	TCP	608	40	1	3
2.31710481644	ICMP	415	415	1	1
10.0498790741	UDP	1003	576	1	2
0.686681985855	TCP	472	40	2	4
23.3800890446	ICMP	394	394	1	4
8.86548900604	ICMP	171	171	1	2
32.4895939827	ICMP	444	444	1	4
46.7980160713	TCP	110	40	1	5
8.98051595688	UDP	731	576	1	2
52.1594078541	TCP	1219	40	1	2
30.2299458981	TCP	415	40	1	3
48.9408278465	UDP	119	147	1	1
51.2998051643	TCP	550	40	1	4
1.21002101898	UDP	667	576	2	2
11.6901478767	UDP	457	485	1	5
39.6496448517	TCP	1340	40	1	3
48.6966819763	ICMP	188	188	1	2
8.94951605797	TCP	219	40	1	1
1.3830280304	ICMP	137	137	2	3
40.0496702194	ICMP	296	296	1	2
44.8201811314	TCP	1158	40	1	5
50.5341391563	TCP	436	40	1	2
40.6996538639	ICMP	375	375	1	2
0.835340023041	TCP	304	40	2	4
50.885682106	ICMP	728	728	1	2
6.06588292122	TCP	1015	40	1	1
44.9022669792	UDP	489	517	1	1
43.3779990673	UDP	693	576	1	2
20.6374111176	TCP	688	40	1	2
20.6826150417	TCP	1065	40	1	2
36.4543249607	TCP	120	40	1	2
7.69049310684	TCP	672	40	1	2
0.698529005051	TCP	469	40	2	4
15.3168299198	TCP	1140	40	1	2
15.6304078102	TCP	1065	40	1	3
10.097755909	ICMP	218	218	1	2
9.09432601929	UDP	106	134	1	4
28.4600450993	TCP	362	40	1	4
40.1490790844	ICMP	162	162	1	4
46.8639798164	UDP	1019	576	1	3
43.6947641373	TCP	950	40	1	6
3.84434103966	TCP	895	40	1	3
43.1237339973	ICMP	88	88	1	2
49.0115699768	TCP	1144	40	1	4
21.5688431263	ICMP	561	561	1	3
23.8263239861	UDP	333	361	1	3
2.21547484398	TCP	694	40	1	2
26.539454937	UDP	721	576	1	3
41.6043870449	UDP	429	457	1	3
14.1384570599	TCP	1020	40	1	2
42.9595220089	ICMP	195	195	1	1
36.3278229237	TCP	559	40	1	3
44.6630349159	TCP	644	40	1	2
45.3277709484	UDP	397	425	1	2
7.50946187973	TCP	512	40	1	1
43.784307003	ICMP	44	44	1	1
14.5908710957	ICMP	48	48	1	4
47.0995721817	ICMP	460	460	1	1
42.4964799881	ICMP	70	70	1	5
50.6091759205	TCP	725	40	1	3
30.489415884	ICMP	233	233	1	3
4.03395295143	ICMP	39	39	1	3
42.5078580379	TCP	956	40	1	1
28.7002878189	UDP	417	445	1	1
24.1134679317	TCP	1060	40	1	2
6.95122289658	TCP	1131	40	1	1
39.5496039391	ICMP	555	555	1	1
42.3632919788	TCP	120	40	1	3
0.560299873352	UDP	973	576	2	3
51.4464218616	ICMP	443	443	1	1
34.2675290108	TCP	1176	40	1	1
1.17902493477	ICMP	598	598	2	2
14.5377838612	TCP	1034	40	1	5
45.7494609356	UDP	114	142	1	1
51.1324150562	UDP	648	576	1	3
48.6500709057	UDP	126	154	1	1
13.6198408604	TCP	592	40	1	2
1.16558098793	TCP	668	40	2	2
13.7069129944	TCP	239	40	1	2
11.3404390812	ICMP	676	676	1	2
29.7540011406	TCP	1256	40	1	3
3.38393092155	ICMP	657	657	1	2
2.58976697922	ICMP	129	129	1	1
9.71469807625	ICMP	287	287	1	3
50.7491929531	UDP	935	576	1	3
51.3505711555	TCP	134	40	1	4
1.05199599266	ICMP	645	645	2	2
14.1102380753	TCP	373	40	1	1
43.3806910515	TCP	1097	40	1	3
42.8242559433	UDP	823	576	1	1
49.8636748791	TCP	983	40	1	1
19.9567379951	TCP	227	40	1	2
2.63209199905	ICMP	31	31	1	2
9.60470604897	TCP	817	40	1	1
3.97482609749	TCP	665	40	1	4
33.9699070454	ICMP	426	426	1	3
51.2683990002	ICMP	414	414	1	4
50.8269507885	TCP	283	40	1	1
0.746568918228	TCP	92	40	2	2
15.1365578175	TCP	237	40	1	4
50.984637022	ICMP	467	467	1	1
2.68444418907	TCP	681	40	1	1
2.46122813225	TCP	975	40	1	1
15.6936211586	TCP	515	40	1	5
45.4007301331	UDP	273	301	1	3
12.5692930222	TCP	1092	40	1	2
50.9905500412	ICMP	196	196	1	3
2.90077710152	TCP	1103	40	1	4
2.39815497398	TCP	146	40	1	2
51.4596071243	ICMP	84	84	1	3
38.8122191429	TCP	1291	40	1	2
2.4227180481	UDP	751	576	1	1
1.98015403748	TCP	622	40	2	2
43.604724884	UDP	998	576	1	4
55.2706129551	ICMP	629	629	1	2
17.7398321629	ICMP	452	452	1	2
28.6019001007	TCP	486	40	1	3
13.9904909134	TCP	1217	40	1	3
52.5440888405	TCP	174	40	1	1
42.5425109863	TCP	616	40	1	2
26.0329208374	ICMP	374	374	1	2
0.783525943756	UDP	494	522	2	3
15.0436370373	TCP	703	40	1	2
50.2651200294	TCP	465	40	1	4
48.7700788975	ICMP	487	487	1	2
43.6893670559	ICMP	493	493	1	1
45.3626840115	TCP	1056	40	1	2
22.0645971298	ICMP	450	450	1	4
49.6042771339	UDP	36	64	1	1
48.2301270962	UDP	548	576	1	2
51.7804877758	TCP	1053	40	1	4
22.8168418407	TCP	535	40	1	4
14.6437427998	UDP	590	576	1	2
45.6100637913	TCP	921	40	1	3
49.3476850986	TCP	721	40	1	4
18.8228130341	TCP	80	40	1	3
37.559566021	TCP	613	40	1	3
43.5972371101	UDP	48	76	1	2
7.5001912117	TCP	441	40	1	3
46.8762171268	UDP	281	309	1	2
35.6687290668	TCP	1327	40	1	2
42.1578791142	TCP	244	40	1	2
16.4538111687	TCP	424	40	1	4
28.6242728233	TCP	350	40	1	3
50.8976681232	TCP	1030	40	1	4
20.5022010803	UDP	941	576	1	3
34.5548698902	UDP	370	398	1	2
54.2754452229	TCP	68	40	1	2
11.2094180584	TCP	927	40	1	3
46.2641019821	ICMP	651	651	1	2
45.8197469711	ICMP	540	540	1	3
4.09599614143	TCP	70	40	1	4
45.8612921238	TCP	555	40	1	3
8.04974102974	TCP	265	40	1	2
49.7066440582	TCP	270	40	1	3
0.696841955185	UDP	67	95	2	3
1.51992893219	UDP	257	285	2	3
33.6296949387	TCP	1113	40	1	2
27.1983098984	TCP	80	40	1	2
52.6171309948	ICMP	262	262	1	1
44.9397270679	TCP	829	40	1	2
0.582473993301	TCP	1209	40	2	3
43.265650034	TCP	730	40	1	2
28.4511299133	TCP	609	40	1	1
7.55632185936	ICMP	488	488	1	1
26.8636369705	TCP	248	40	1	2
34.360076189	UDP	695	576	1	1
44.9593970776	ICMP	539	539	1	3
13.4567878246	UDP	315	343	1	3
44.9713749886	ICMP	677	677	1	2
1.1657102108	ICMP	689	689	2	2
36.6568031311	UDP	774	576	1	4
1.91126918793	ICMP	682	682	2	3
53.2333488464	ICMP	562	562	1	1
30.710504055	TCP	1227	40	1	2
14.1714370251	TCP	418	40	1	2
45.4331321716	TCP	1168	40	1	2
44.3144099712	UDP	493	521	1	8
46.0426101685	TCP	746	40	1	3
4.82916688919	UDP	220	248	1	1
49.1825070381	UDP	922	576	1	3
46.1264719963	UDP	887	576	1	1
29.602627039	ICMP	99	99	1	2
25.8209700584	ICMP	403	403	1	1
52.2601070404	TCP	469	40	1	2
10.8286788464	ICMP	426	426	1	3
33.9458611012	UDP	461	489	1	3
14.9807701111	UDP	808	576	1	2
44.2946588993	UDP	916	576	1	5
7.49934196472	UDP	728	576	1	2
20.4996788502	ICMP	715	715	1	4
50.9637820721	UDP	225	253	1	3
2.56122088432	UDP	54	82	1	1
18.1895308495	ICMP	184	184	1	3
0.760370969772	TCP	468	40	2	2
51.8689188957	TCP	383	40	1	2
9.77451109886	TCP	492	40	1	1
29.3142230511	ICMP	122	122	1	1
28.1838049889	UDP	598	576	1	2
56.4792659283	TCP	336	40	1	2
6.04555392265	ICMP	74	74	1	4
49.4110949039	TCP	302	40	1	4
49.5441639423	UDP	246	274	1	3
3.78981995583	UDP	1003	576	1	1
43.7620530128	TCP	948	40	1	1
53.4718039036	TCP	91	40	1	1
40.4168291092	UDP	923	576	1	3
30.1760110855	ICMP	219	219	1	2
23.0123090744	TCP	273	40	1	1
50.7370278835	TCP	1183	40	1	4
32.188906908	TCP	1288	40	1	2
4.99100804329	UDP	605	576	1	1
30.4513249397	UDP	59	87	1	3
20.450963974	ICMP	351	351	1	3
34.948953867	UDP	804	576	1	3
53.3203120232	TCP	57	40	1	1
36.5224020481	ICMP	136	136	1	1
0.896739959717	ICMP	447	447	2	2
45.4029688835	ICMP	680	680	1	4
5.64358592033	UDP	55	83	1	1
50.72687006	ICMP	100	100	1	1
50.2945671082	TCP	124	40	1	5
42.7295460701	ICMP	717	717	1	3
1.68619799614	TCP	391	40	2	3
1.2900390625	TCP	457	40	2	3
11.6563539505	TCP	1327	40	1	3
6.45047402382	UDP	433	461	1	2
1.30330491066	UDP	242	270	2	3
42.1215419769	ICMP	189	189	1	1
41.2443830967	TCP	305	40	1	5
47.6556749344	UDP	444	472	1	3
11.5526809692	ICMP	636	636	1	2
44.6500380039	UDP	780	576	1	1
53.1557488441	TCP	469	40	1	3
3.97213387489	TCP	679	40	1	3
24.5026659966	TCP	1271	40	1	1
27.0800800323	ICMP	328	328	1	1
42.0543839931	TCP	746	40	1	3
13.6151959896	TCP	279	40	1	1
21.9583368301	UDP	467	495	1	3
26.3539040089	TCP	161	40	1	3
8.66525506973	ICMP	360	360	1	2
48.9807341099	UDP	85	113	1	2
46.714673996	UDP	363	391	1	2
40.3461239338	ICMP	573	573	1	7
42.7297379971	TCP	329	40	1	2
24.7805700302	TCP	915	40	1	2
10.4712460041	UDP	363	391	1	1
2.29928898811	TCP	466	40	1	2
2.31184101105	ICMP	408	408	1	3
33.6495280266	ICMP	277	277	1	1
2.17905116081	TCP	971	40	1	4
33.3363320827	TCP	653	40	1	3
45.4478170872	TCP	1144	40	1	3
18.1903319359	TCP	1030	40	1	2
5.42685008049	ICMP	703	703	1	3
51.244838953	UDP	799	576	1	2
47.4110369682	TCP	113	40	1	3
51.319370985	ICMP	115	115	1	2
52.3152680397	UDP	427	455	1	1
37.5296480656	TCP	1164	40	1	2
14.9859569073	TCP	519	40	1	2
46.550951004	UDP	289	317	1	2
49.4261419773	TCP	589	40	1	3
45.7459170818	ICMP	505	505	1	3
25.9073381424	TCP	256	40	1	3
42.2096679211	UDP	935	576	1	1
5.67961287498	UDP	1004	576	1	3
20.5813839436	TCP	654	40	1	1
50.3128290176	ICMP	416	416	1	1
51.5722670555	TCP	515	40	1	3
2.59198594093	TCP	1268	40	1	4
32.8044230938	TCP	612	40	1	4
19.1579117775	TCP	271	40	1	5
41.0895969868	ICMP	601	601	1	2
18.0669801235	TCP	271	40	1	4
32.9957609177	ICMP	535	535	1	2
41.6486370564	UDP	456	484	1	4
3.74221515656	UDP	1020	576	1	5
30.9255900383	TCP	643	40	1	4
44.5991261005	TCP	914	40	1	4
52.4067008495	ICMP	648	648	1	1
25.6908979416	TCP	70	40	1	5
42.4948348999	TCP	1203	40	1	2
53.477766037	ICMP	252	252	1	2
47.3405618668	TCP	311	40	1	2
45.0968699455	UDP	333	361	1	2
50.4186098576	TCP	899	40	1	1
41.279709816	ICMP	323	323	1	2
49.8284950256	TCP	993	40	1	5
6.53694105148	UDP	341	369	1	6
41.8792529106	TCP	1196	40	1	2
51.5055150986	TCP	1271	40	1	1
18.3156371117	UDP	967	576	1	1
43.0380628109	TCP	1053	40	1	3
1.61173295975	ICMP	30	30	2	2
45.105066061	ICMP	569	569	1	2
19.7091290951	TCP	1030	40	1	3
51.9161179066	TCP	191	40	1	2
47.0889260769	ICMP	355	355	1	4
6.62055110931	ICMP	645	645	1	2
48.9716749191	TCP	1261	40	1	1
11.9707789421	TCP	909	40	1	5
54.3104398251	TCP	597	40	1	1
54.064248085	TCP	914	40	1	1
38.3672990799	TCP	518	40	1	2
1.02206206322	TCP	726	40	2	2
42.1191060543	ICMP	93	93	1	3
42.3578240871	TCP	1200	40	1	1
18.2560589314	ICMP	68	68	1	1
9.15281200409	ICMP	641	641	1	1
52.6390469074	TCP	1151	40	1	1
13.6775679588	ICMP	727	727	1	1
35.5657880306	TCP	54	40	1	3
50.1895859241	UDP	925	576	1	4
50.4487900734	TCP	301	40	1	2
31.1945309639	UDP	825	576	1	2
7.8372130394	TCP	791	40	1	1
28.6021089554	ICMP	120	120	1	4
48.0407810211	ICMP	482	482	1	7
0.39035987854	ICMP	128	128	2	2
44.6693818569	TCP	1088	40	1	3
8.08941602707	ICMP	319	319	1	2
11.4094679356	TCP	372	40	1	2
9.19025111198	ICMP	506	506	1	1
39.9867498875	ICMP	126	126	1	5
22.4110910892	ICMP	159	159	1	1
41.275468111	TCP	810	40	1	2
13.7137229443	TCP	261	40	1	3
24.1490499973	TCP	1008	40	1	2
49.809458971	TCP	649	40	1	2
0.594261169434	ICMP	148	148	2	4
35.8227169514	UDP	700	576	1	3
31.6598341465	TCP	858	40	1	3
36.0448670387	TCP	529	40	1	1
36.8200821877	TCP	976	40	1	1
19.4953410625	TCP	489	40	1	3
8.6687939167	TCP	1005	40	1	1
24.8088669777	UDP	218	246	1	4
32.5117070675	TCP	676	40	1	2
2.28625392914	TCP	225	40	1	1
12.9419169426	TCP	88	40	1	3
11.2702479362	TCP	343	40	1	3
9.30640816689	ICMP	197	197	1	4
45.2128880024	TCP	66	40	1	3
3.06012487411	TCP	1036	40	1	3
51.6512210369	TCP	134	40	1	2
49.5941369534	TCP	477	40	1	4
20.4390120506	TCP	774	40	1	4
27.5447800159	TCP	1096	40	1	2
8.62037611008	TCP	644	40	1	3
33.0788121223	TCP	1153	40	1	1
50.0479669571	TCP	920	40	1	1
12.9285719395	UDP	43	71	1	2
22.3716080189	TCP	1012	40	1	3
36.2464270592	TCP	927	40	1	2
56.4934968948	TCP	604	40	1	1
45.3216848373	TCP	1275	40	1	2
2.87226319313	TCP	1178	40	1	2
11.3685078621	ICMP	59	59	1	4
45.9817888737	ICMP	131	131	1	1
15.5280280113	ICMP	141	141	1	2
54.2278449535	ICMP	301	301	1	2
50.0860779285	TCP	440	40	1	1
38.1900520325	UDP	320	348	1	3
36.8769621849	TCP	760	40	1	3
45.001199007	ICMP	266	266	1	4
46.0990679264	TCP	1043	40	1	1
32.5955779552	UDP	242	270	1	4
9.48874211311	TCP	192	40	1	2
45.1469888687	ICMP	173	173	1	3
1.34449505806	UDP	477	505	2	3
48.9246339798	UDP	921	576	1	2
2.33846592903	ICMP	586	586	1	2
43.719987154	TCP	1113	40	1	4
44.8990819454	UDP	649	576	1	2
39.9279589653	UDP	588	576	1	5
32.7901008129	TCP	998	40	1	1
2.53006410599	TCP	695	40	1	3
17.8624022007	TCP	697	40	1	2
36.6557540894	UDP	646	576	1	5
45.0003561974	TCP	1120	40	1	2
1.24210906029	TCP	497	40	2	7
1.92889595032	TCP	1194	40	2	5
22.841999054	UDP	61	89	1	1
45.8076381683	TCP	633	40	1	2
27.4299180508	UDP	924	576	1	2
44.3312780857	ICMP	589	589	1	2
1.40002083778	TCP	1077	40	2	3
2.34694385529	UDP	976	576	1	1
16.9632320404	TCP	1279	40	1	2
45.9044129848	TCP	202	40	1	1
47.6732709408	TCP	148	40	1	2
55.2083120346	TCP	697	40	1	2
36.5894911289	ICMP	45	45	1	1
10.2659540176	ICMP	461	461	1	1
26.0897881985	ICMP	517	517	1	2
9.24904108047	TCP	1280	40	1	2
48.624822855	UDP	794	576	1	3
42.1985988617	ICMP	525	525	1	7
2.50887012482	ICMP	482	482	1	5
47.5064539909	TCP	621	40	1	2
49.6362028122	ICMP	213	213	1	4
45.8787631989	TCP	958	40	1	3
50.6325619221	ICMP	247	247	1	4
33.8931388855	UDP	550	576	1	2
46.2862918377	ICMP	166	166	1	4
37.1697859764	TCP	185	40	1	2
50.2543652058	ICMP	87	87	1	2
41.227314949	TCP	493	40	1	2
37.1803171635	TCP	1254	40	1	2
29.8450300694	TCP	870	40	1	2
41.3404021263	UDP	47	75	1	5
45.1647717953	ICMP	493	493	1	5
12.9251320362	TCP	1001	40	1	3
51.2537491322	TCP	1224	40	1	1
15.6017301083	TCP	1292	40	1	2
2.69134998322	TCP	345	40	1	3
21.2599890232	ICMP	416	416	1	1
32.4224438667	ICMP	525	525	1	1
2.25629997253	TCP	829	40	1	4
45.7525539398	ICMP	307	307	1	4
50.4202029705	TCP	1074	40	1	3
47.4975249767	TCP	885	40	1	2
15.1978509426	ICMP	589	589	1	3
36.7501759529	ICMP	314	314	1	2
8.6998000145	TCP	93	40	1	3
26.3091700077	UDP	206	234	1	1
36.9045579433	ICMP	352	352	1	2
47.2309679985	TCP	751	40	1	2
38.0270431042	TCP	546	40	1	1
24.097990036	ICMP	56	56	1	2
48.6998679638	ICMP	126	126	1	4
50.6681261063	UDP	265	293	1	2
32.3495311737	TCP	885	40	1	2
8.19496297836	UDP	671	576	1	5
2.51975798607	ICMP	82	82	1	5
3.09320116043	ICMP	616	616	1	3
50.4293830395	ICMP	477	477	1	1
45.3153619766	UDP	669	576	1	2
46.2252130508	TCP	760	40	1	2
49.605246067	TCP	831	40	1	2
53.2197170258	TCP	719	40	1	2
51.1998598576	TCP	358	40	1	2
42.4920339584	TCP	429	40	1	1
3.31729412079	ICMP	48	48	1	3
51.3891479969	TCP	870	40	1	1
34.7338750362	TCP	189	40	1	3
49.9935541153	TCP	1262	40	1	1
50.6258721352	ICMP	255	255	1	1
5.48233914375	TCP	207	40	1	8
1.80514287949	ICMP	548	548	2	8
53.5627470016	TCP	688	40	1	1
42.5409629345	UDP	671	576	1	1
5.53068518639	UDP	56	84	1	2
32.81011796	UDP	299	327	1	2
51.619738102	ICMP	317	317	1	1
13.2889180183	TCP	237	40	1	3
51.0687520504	ICMP	306	306	1	1
45.6260499954	TCP	1333	40	1	3
41.3196899891	TCP	550	40	1	1
10.733782053	ICMP	472	472	1	1
3.16102194786	UDP	69	97	1	3
47.8098130226	TCP	827	40	1	2
23.1689600945	ICMP	249	249	1	1
20.4607930183	ICMP	457	457	1	1
50.5081450939	TCP	758	40	1	5
42.104498148	ICMP	646	646	1	7
45.8488991261	ICMP	580	580	1	4
48.8863480091	ICMP	112	112	1	1
50.8296818733	TCP	222	40	1	3
4.59022212029	ICMP	192	192	1	2
18.8629519939	TCP	1069	40	1	1
1.48364305496	TCP	1166	40	2	7
2.22006201744	UDP	612	576	1	1
40.2294881344	TCP	631	40	1	4
2.26962518692	TCP	345	40	1	3
18.0598649979	TCP	605	40	1	3
50.9191710949	UDP	508	536	1	2
51.7373731136	TCP	131	40	1	5
1.6944899559	UDP	810	576	2	2
9.57307600975	UDP	741	576	1	2
17.0351369381	ICMP	526	526	1	1
29.5292589664	TCP	939	40	1	2
32.130300045	UDP	837	576	1	3
3.37937498093	TCP	519	40	1	2
6.71196103096	TCP	82	40	1	3
41.2939629555	UDP	997	576	1	5
53.6346590519	TCP	1057	40	1	1
33.5504961014	ICMP	84	84	1	2
9.04295516014	TCP	236	40	1	1
20.6125590801	TCP	483	40	1	2
21.2971441746	UDP	601	576	1	1
45.4938201904	UDP	370	398	1	5
29.1344439983	ICMP	491	491	1	2
20.8225588799	TCP	879	40	1	2
6.79125595093	TCP	229	40	1	2
29.1788051128	ICMP	106	106	1	3
8.56537413597	TCP	765	40	1	1
41.3073849678	TCP	180	40	1	2
5.99419903755	UDP	617	576	1	5
11.2038810253	ICMP	372	372	1	1
0.620557069778	TCP	1304	40	2	3
29.7107279301	TCP	1201	40	1	6
42.5963459015	ICMP	264	264	1	2
0.866565942764	UDP	500	528	2	3
45.4261789322	UDP	126	154	1	5
4.03025317192	TCP	1089	40	1	3
13.096432209	TCP	782	40	1	1
12.4934849739	TCP	272	40	1	2
26.829502821	TCP	731	40	1	3
34.299571991	TCP	183	40	1	4
51.3902249336	TCP	1120	40	1	2
42.3313369751	TCP	1117	40	1	5
50.1666829586	TCP	1028	40	1	1
42.1593370438	UDP	218	246	1	1
1.51993584633	TCP	834	40	2	4
0.949813127518	TCP	59	40	2	5
29.8104679585	TCP	633	40	1	2
15.7091159821	UDP	328	356	1	2
7.66480398178	TCP	110	40	1	7
53.1526670456	ICMP	440	440	1	3
41.6508779526	ICMP	436	436	1	3
11.7420108318	ICMP	214	214	1	2
0.953908920288	TCP	775	40	2	3
19.2284488678	UDP	934	576	1	2
21.8138058186	TCP	554	40	1	1
49.7195460796	ICMP	200	200	1	1
56.5798370838	TCP	351	40	1	1
50.6381351948	TCP	1129	40	1	1
43.8062720299	TCP	1074	40	1	3
21.4306380749	TCP	1200	40	1	3
52.7693040371	TCP	755	40	1	2
45.9292800426	TCP	426	40	1	2
7.78393411636	ICMP	482	482	1	4
50.8506691456	UDP	477	505	1	1
49.3405439854	ICMP	280	280	1	1
22.6116149426	UDP	1018	576	1	1
1.47968792915	UDP	1024	576	2	4
49.1057209969	TCP	151	40	1	4
1.74992203712	UDP	223	251	2	9
25.3301520348	UDP	794	576	1	1
28.6496779919	UDP	414	442	1	2
2.8893840313	TCP	893	40	1	3
53.1031630039	ICMP	418	418	1	1
47.488284111	TCP	930	40	1	2
49.3041629791	TCP	976	40	1	3
18.0901908875	TCP	216	40	1	4
50.1099820137	TCP	655	40	1	1
43.5617389679	TCP	1335	40	1	3
46.9265711308	ICMP	526	526	1	4
26.9663519859	TCP	281	40	1	4
16.4009828568	ICMP	100	100	1	3
30.5221529007	UDP	626	576	1	3
44.6698050499	ICMP	590	590	1	7
46.4732339382	TCP	460	40	1	3
56.226377964	TCP	53	40	1	1
42.6490638256	ICMP	246	246	1	1
7.20167517662	TCP	1183	40	1	3
13.2380819321	TCP	1188	40	1	2
2.85776901245	UDP	502	530	1	1
51.7596139908	UDP	536	564	1	3
11.1347119808	UDP	927	576	1	4
11.4013168812	ICMP	52	52	1	2
39.6587059498	TCP	571	40	1	3
42.9814910889	UDP	430	458	1	3
51.4782719612	UDP	62	90	1	1
47.7838051319	UDP	1016	576	1	2
11.2605378628	ICMP	695	695	1	2
11.3393111229	ICMP	633	633	1	4
51.0726470947	TCP	1109	40	1	1
0.916923046112	UDP	889	576	2	2
2.22706413269	TCP	539	40	1	5
49.5056450367	TCP	1132	40	1	2
37.7296640873	TCP	542	40	1	2
9.61226987839	UDP	235	263	1	2
6.61489415169	ICMP	603	603	1	4
26.799697876	ICMP	297	297	1	2
1.6773660183	ICMP	231	231	2	2
1.53826713562	TCP	1078	40	2	3
28.7432000637	TCP	912	40	1	2
49.7323260307	TCP	1097	40	1	2
46.4604480267	UDP	129	157	1	4
33.3497190475	ICMP	304	304	1	4
40.2917239666	ICMP	568	568	1	3
50.1919209957	TCP	243	40	1	2
35.4177269936	UDP	52	80	1	1
31.089993	UDP	278	306	1	3
3.52992510796	TCP	149	40	1	3
24.4418218136	ICMP	507	507	1	3
32.1374080181	UDP	236	264	1	4
51.1117498875	TCP	100	40	1	2
44.4159719944	TCP	1282	40	1	1
36.5092701912	TCP	719	40	1	2
48.6887168884	TCP	394	40	1	1
39.8200719357	TCP	381	40	1	3
50.4747610092	TCP	1204	40	1	3
15.7504911423	TCP	471	40	1	5
46.8736650944	ICMP	289	289	1	1
3.37948012352	TCP	962	40	1	2
13.9191031456	TCP	836	40	1	3
46.4203560352	UDP	118	146	1	1
14.0049369335	ICMP	605	605	1	3
16.0497469902	UDP	808	576	1	5
0.443655967712	UDP	308	336	2	3
11.2911159992	TCP	948	40	1	2
48.2115030289	ICMP	480	480	1	1
12.4940581322	UDP	889	576	1	2
47.8694169521	UDP	139	167	1	2
54.6294169426	TCP	1210	40	1	1
50.7131080627	UDP	791	576	1	2
52.2314128876	TCP	1204	40	1	1
49.3564760685	TCP	822	40	1	1
44.8299808502	ICMP	375	375	1	4
50.5423560143	TCP	1201	40	1	2
11.4533319473	TCP	961	40	1	2
40.5578320026	TCP	619	40	1	1
45.4537370205	UDP	403	431	1	1
47.402244091	ICMP	218	218	1	1
51.3336100578	ICMP	599	599	1	2
1.2400970459	ICMP	272	272	2	4
17.45835495	TCP	1086	40	1	3
27.6922988892	TCP	156	40	1	2
16.0381560326	TCP	529	40	1	1
14.9125070572	TCP	574	40	1	1
12.0081660748	TCP	162	40	1	2
15.7054328918	TCP	437	40	1	3
13.7007579803	TCP	594	40	1	1
41.6592831612	ICMP	413	413	1	4
52.7413101196	ICMP	432	432	1	1
27.4707839489	UDP	94	122	1	1
0.523056030273	TCP	971	40	2	4
49.8390820026	TCP	369	40	1	1
18.57208395	TCP	1174	40	1	2
19.4954199791	UDP	503	531	1	2
6.04467177391	TCP	1235	40	1	1
30.8146541119	UDP	673	576	1	1
47.1769249439	ICMP	155	155	1	1
20.5125031471	UDP	592	576	1	3
3.54333019257	TCP	566	40	1	3
8.77119398117	TCP	805	40	1	1
17.9538300037	TCP	988	40	1	1
45.4894099236	UDP	316	344	1	1
0.518716096878	UDP	786	576	2	2
52.5579428673	TCP	288	40	1	1
49.2457799911	TCP	252	40	1	3
44.9404420853	ICMP	433	433	1	1
50.4639749527	ICMP	154	154	1	1
13.6181080341	TCP	902	40	1	2
50.198071003	TCP	841	40	1	3
44.7279820442	TCP	247	40	1	4
2.81026220322	ICMP	503	503	1	2
50.3677880764	TCP	708	40	1	2
32.1660439968	TCP	1045	40	1	2
53.1762840748	TCP	503	40	1	1
12.5110268593	TCP	730	40	1	6
1.00047898293	TCP	305	40	2	5
