5.71984505653	TCP	690	40	1	1
38.4064269066	UDP	620	576	1	1
6.65963220596	ICMP	551	551	1	2
58.5188169479	TCP	1035	40	1	1
27.0801599026	TCP	1008	40	1	2
46.6233918667	UDP	774	576	1	1
1.1999900341	TCP	145	40	2	2
17.5507109165	ICMP	657	657	1	1
13.5714769363	ICMP	276	276	1	1
3.76850605011	TCP	954	40	1	1
19.2889261246	ICMP	339	339	1	1
3.60081195831	UDP	1002	576	1	1
7.49352192879	TCP	919	40	1	1
39.6008529663	TCP	901	40	1	1
77.1486258507	ICMP	717	717	1	1
47.9595799446	TCP	457	40	1	1
6.2706758976	UDP	973	576	1	1
36.9692420959	TCP	686	40	1	1
4.25004696846	ICMP	643	643	1	1
41.870210886	ICMP	352	352	1	1
42.4624390602	UDP	214	242	1	1
43.1736810207	UDP	173	201	1	2
8.52872395515	ICMP	478	478	1	1
2.1897149086	ICMP	336	336	1	1
66.9883630276	ICMP	621	621	1	1
0.321002006531	ICMP	352	352	2	2
13.2857768536	TCP	882	40	1	1
13.0904181004	UDP	904	576	1	2
1.83980703354	TCP	384	40	2	2
3.29049897194	UDP	545	573	1	1
18.4019789696	ICMP	285	285	1	1
45.3800580502	ICMP	621	621	1	1
73.5055007935	TCP	1138	40	1	1
2.74053692818	TCP	505	40	1	1
18.3424069881	TCP	242	40	1	1
0.664896965027	UDP	135	163	2	2
75.8651340008	TCP	1081	40	1	1
41.4207119942	ICMP	632	632	1	1
40.8998291492	ICMP	226	226	1	1
1.32011795044	ICMP	567	567	2	2
74.8010528088	TCP	207	40	1	1
30.5587260723	UDP	980	576	1	1
10.0690090656	UDP	420	448	1	1
3.36122894287	TCP	318	40	1	1
30.0629839897	ICMP	237	237	1	1
33.7596209049	ICMP	43	43	1	1
2.52109193802	TCP	1252	40	1	1
48.3577401638	UDP	359	387	1	1
1.70540189743	TCP	305	40	2	2
1.73436117172	TCP	792	40	2	2
62.2497591972	TCP	111	40	1	1
48.6922860146	UDP	849	576	1	1
9.70544910431	UDP	728	576	1	1
20.1594829559	ICMP	229	229	1	1
76.9499521255	TCP	282	40	1	1
16.4566459656	TCP	294	40	1	1
26.9760291576	ICMP	528	528	1	2
11.5434229374	UDP	552	576	1	1
6.24433708191	UDP	634	576	1	1
3.80046916008	ICMP	143	143	1	1
42.7242209911	UDP	964	576	1	1
6.52963280678	ICMP	44	44	1	1
2.44170498848	ICMP	465	465	1	1
34.4606180191	TCP	329	40	1	1
4.50155091286	ICMP	306	306	1	1
47.1564199924	TCP	684	40	1	1
5.17346096039	UDP	196	224	1	2
46.500731945	TCP	113	40	1	1
16.4864912033	TCP	959	40	1	1
25.4384391308	ICMP	360	360	1	1
3.46696305275	TCP	125	40	1	2
39.773649931	TCP	1276	40	1	1
15.2756390572	TCP	683	40	1	1
5.62463593483	UDP	931	576	1	1
31.2322039604	TCP	483	40	1	1
61.3973701	ICMP	428	428	1	2
20.1829140186	TCP	1022	40	1	1
5.31985783577	UDP	938	576	1	2
15.5742311478	ICMP	465	465	1	1
8.1489880085	TCP	833	40	1	1
1.26463699341	UDP	59	87	2	2
10.2248899937	ICMP	650	650	1	1
14.6371729374	ICMP	427	427	1	1
1.64393401146	TCP	719	40	2	2
66.0698130131	TCP	656	40	1	1
8.12117290497	ICMP	262	262	1	1
17.4254071712	ICMP	209	209	1	1
48.4292669296	TCP	719	40	1	1
7.98097300529	UDP	248	276	1	2
68.6793839931	TCP	568	40	1	3
5.59005308151	ICMP	486	486	1	1
12.3538560867	TCP	462	40	1	1
3.6784799099	TCP	1234	40	1	2
6.39755511284	ICMP	531	531	1	1
77.3000159264	UDP	217	245	1	1
37.5787630081	ICMP	453	453	1	1
35.7506580353	TCP	382	40	1	1
45.5361039639	UDP	387	415	1	1
39.3397018909	TCP	873	40	1	1
3.84882211685	ICMP	577	577	1	1
26.0159010887	ICMP	139	139	1	1
16.8826999664	UDP	724	576	1	1
47.0106089115	UDP	556	576	1	1
46.4431109428	ICMP	159	159	1	1
16.1773810387	TCP	1125	40	1	1
11.9285988808	TCP	834	40	1	1
2.36699986458	UDP	48	76	1	1
18.8525519371	TCP	86	40	1	2
6.25923991203	TCP	1154	40	1	1
7.28500199318	ICMP	503	503	1	1
40.1764349937	TCP	1269	40	1	1
6.14318108559	UDP	254	282	1	1
11.9948010445	UDP	925	576	1	1
33.0456161499	TCP	879	40	1	1
1.51592493057	TCP	507	40	2	2
9.66296601295	TCP	1039	40	1	2
32.8819611073	ICMP	85	85	1	1
60.6183829308	TCP	370	40	1	3
7.15087795258	TCP	63	40	1	1
2.31343507767	TCP	440	40	1	2
46.6643731594	TCP	396	40	1	1
37.2098841667	UDP	490	518	1	2
2.65309500694	TCP	572	40	1	1
27.0998628139	ICMP	205	205	1	1
9.37352085114	TCP	1223	40	1	1
23.7541282177	TCP	89	40	1	1
1.26151394844	TCP	690	40	2	2
15.1784389019	ICMP	268	268	1	1
27.5410637856	TCP	521	40	1	1
58.7663009167	ICMP	257	257	1	1
32.1975560188	ICMP	321	321	1	1
43.6851389408	TCP	570	40	1	2
19.9712460041	ICMP	518	518	1	1
15.7766170502	TCP	421	40	1	1
30.3582599163	ICMP	51	51	1	1
2.10773181915	TCP	56	40	1	1
9.49255895615	ICMP	593	593	1	1
53.590898037	TCP	1225	40	1	1
2.40472698212	ICMP	646	646	1	1
34.4096369743	TCP	981	40	1	1
26.2570161819	TCP	715	40	1	1
9.73665213585	ICMP	540	540	1	2
10.4495079517	TCP	1232	40	1	1
4.67524194717	UDP	578	576	1	1
24.1208539009	UDP	758	576	1	1
39.6199018955	TCP	878	40	1	1
8.98088693619	TCP	1232	40	1	1
36.8439939022	UDP	413	441	1	1
1.5718319416	TCP	841	40	2	2
38.679664135	TCP	1060	40	1	1
61.1329410076	TCP	105	40	1	1
67.566395998	TCP	1222	40	1	1
4.3501701355	ICMP	547	547	1	1
3.75535702705	ICMP	104	104	1	1
6.61400794983	TCP	283	40	1	1
75.4288289547	UDP	382	410	1	1
76.9781210423	UDP	870	576	1	1
2.18091201782	ICMP	405	405	1	1
24.59979105	TCP	422	40	1	1
30.780315876	TCP	415	40	1	1
52.3809678555	ICMP	58	58	1	1
37.1905610561	ICMP	489	489	1	1
2.90713787079	ICMP	663	663	1	1
13.4605641365	ICMP	127	127	1	2
40.9348371029	TCP	1055	40	1	1
2.31753706932	UDP	515	543	1	2
8.45050787926	ICMP	298	298	1	1
42.7276618481	ICMP	685	685	1	2
75.2082090378	ICMP	289	289	1	1
27.6189870834	TCP	771	40	1	1
56.3444910049	ICMP	271	271	1	1
16.9029669762	TCP	79	40	1	2
26.004472971	ICMP	106	106	1	1
25.0322949886	TCP	487	40	1	1
42.2225139141	UDP	740	576	1	1
60.4286379814	TCP	559	40	1	1
13.5388388634	TCP	1242	40	1	2
9.86198592186	UDP	32	60	1	1
2.17814087868	TCP	234	40	1	1
1.21378898621	ICMP	504	504	2	2
39.5707421303	TCP	1079	40	1	1
1.43942189217	ICMP	45	45	2	2
5.78566503525	TCP	783	40	1	1
42.7381250858	TCP	76	40	1	1
3.34019494057	TCP	1040	40	1	1
5.81570982933	UDP	969	576	1	1
39.2363288403	UDP	96	124	1	2
4.59418296814	TCP	1257	40	1	1
39.1735970974	ICMP	506	506	1	1
44.0996849537	UDP	430	458	1	2
54.9246191978	TCP	443	40	1	1
1.85903215408	TCP	569	40	2	2
8.08933115005	UDP	782	576	1	1
74.8216328621	TCP	110	40	1	1
69.1994450092	TCP	655	40	1	1
61.8793017864	UDP	655	576	1	1
35.4141120911	TCP	490	40	1	2
2.85978484154	TCP	429	40	1	1
75.5050570965	ICMP	703	703	1	3
34.9387271404	ICMP	500	500	1	1
6.06860089302	TCP	1214	40	1	1
66.6875598431	TCP	1225	40	1	1
26.6764359474	ICMP	524	524	1	1
33.3403010368	UDP	403	431	1	1
1.58471298218	ICMP	294	294	2	2
26.7612979412	TCP	655	40	1	1
63.5998489857	TCP	930	40	1	2
1.8773059845	TCP	1220	40	2	2
32.5766630173	TCP	890	40	1	3
1.44217014313	UDP	515	543	2	2
8.79267001152	ICMP	484	484	1	1
4.91923904419	TCP	676	40	1	2
39.9573819637	TCP	400	40	1	1
73.7200829983	UDP	396	424	1	1
73.1966001987	TCP	962	40	1	2
40.6447069645	TCP	686	40	1	2
27.5406739712	ICMP	58	58	1	1
28.5955929756	ICMP	509	509	1	1
22.3380401134	TCP	875	40	1	2
22.5692191124	TCP	1313	40	1	2
40.4810771942	ICMP	402	402	1	2
21.6314411163	TCP	621	40	1	1
2.06330609322	TCP	1109	40	1	1
31.1739258766	ICMP	262	262	1	1
37.3663182259	UDP	67	95	1	1
3.20268797874	UDP	420	448	1	2
45.119866848	ICMP	631	631	1	1
1.01996779442	TCP	334	40	2	2
5.13863801956	ICMP	522	522	1	1
48.2201161385	TCP	1238	40	1	1
17.3331189156	ICMP	72	72	1	1
69.5395970345	ICMP	484	484	1	1
16.4593148232	TCP	681	40	1	1
30.554240942	TCP	846	40	1	2
4.01037502289	TCP	1324	40	1	1
1.75784897804	TCP	54	40	2	2
3.68465995789	ICMP	166	166	1	1
10.2173109055	UDP	636	576	1	1
39.7250158787	ICMP	368	368	1	2
2.28228092194	TCP	412	40	1	1
3.91017889977	TCP	160	40	1	1
18.0809998512	TCP	691	40	1	1
3.79052209854	TCP	141	40	1	1
3.43432593346	TCP	128	40	1	2
1.80661606789	TCP	1297	40	2	3
1.25267076492	TCP	823	40	2	2
5.3813958168	UDP	342	370	1	1
6.5207259655	ICMP	368	368	1	1
4.40135002136	TCP	1309	40	1	2
46.0376110077	ICMP	206	206	1	1
38.4731960297	UDP	538	566	1	1
0.482998132706	TCP	1111	40	2	2
1.01579594612	TCP	1309	40	2	2
7.56824994087	UDP	746	576	1	1
31.1265289783	TCP	676	40	1	1
21.5676119328	ICMP	292	292	1	1
1.70931792259	TCP	1125	40	2	2
41.5602889061	ICMP	480	480	1	1
7.62909698486	UDP	1014	576	1	3
7.69007706642	TCP	400	40	1	1
30.3442339897	TCP	1340	40	1	2
4.22082209587	TCP	1331	40	1	1
4.1434340477	ICMP	473	473	1	2
74.122177124	UDP	126	154	1	1
41.5408809185	UDP	164	192	1	1
10.5664820671	TCP	1173	40	1	1
4.59128808975	ICMP	508	508	1	1
46.2801718712	UDP	459	487	1	1
15.2395460606	UDP	951	576	1	1
43.2510569096	TCP	181	40	1	1
6.27971982956	UDP	1010	576	1	1
54.8099799156	UDP	712	576	1	1
74.4474790096	TCP	278	40	1	2
24.6675350666	ICMP	363	363	1	1
14.5872249603	TCP	129	40	1	2
20.0265209675	ICMP	112	112	1	1
24.5244410038	ICMP	439	439	1	1
7.72044110298	TCP	629	40	1	1
74.0695638657	ICMP	231	231	1	2
15.5430858135	TCP	755	40	1	1
43.9000139236	UDP	665	576	1	1
20.8733990192	TCP	704	40	1	2
1.77704811096	ICMP	634	634	2	2
75.0194470882	ICMP	183	183	1	1
36.0737791061	ICMP	519	519	1	1
57.7748038769	TCP	1143	40	1	1
34.8948659897	ICMP	222	222	1	1
33.328594923	ICMP	527	527	1	2
3.16138982773	TCP	77	40	1	1
30.2608709335	TCP	883	40	1	1
41.8500981331	TCP	329	40	1	2
1.25343489647	TCP	418	40	2	2
1.19491505623	ICMP	586	586	2	2
9.76457095146	UDP	203	231	1	1
4.0372979641	UDP	196	224	1	2
43.0392448902	TCP	219	40	1	1
30.0097029209	UDP	931	576	1	2
43.0872910023	ICMP	153	153	1	1
62.640846014	TCP	146	40	1	1
15.4073829651	TCP	387	40	1	1
76.9515302181	UDP	358	386	1	1
9.67812395096	ICMP	603	603	1	1
1.25297021866	ICMP	157	157	2	2
5.11013579369	ICMP	612	612	1	1
3.35159492493	TCP	137	40	1	1
36.6107969284	UDP	558	576	1	1
76.1815869808	TCP	259	40	1	1
2.72139000893	ICMP	579	579	1	1
2.97911596298	UDP	334	362	1	1
27.2050580978	UDP	443	471	1	1
1.60994911194	ICMP	213	213	2	2
2.34648489952	TCP	1247	40	1	1
1.91448497772	UDP	460	488	2	2
2.86893510818	UDP	318	346	1	1
16.7578258514	UDP	575	576	1	3
44.0793228149	TCP	553	40	1	1
63.5144648552	ICMP	479	479	1	1
0.780811071396	ICMP	374	374	2	2
2.67984080315	ICMP	538	538	1	1
12.5807158947	TCP	221	40	1	1
41.2713449001	TCP	701	40	1	1
27.249131918	UDP	468	496	1	1
24.9019498825	ICMP	456	456	1	1
7.95399093628	TCP	161	40	1	1
5.1985270977	TCP	335	40	1	1
61.9614048004	ICMP	667	667	1	2
16.6064589024	UDP	402	430	1	2
62.6341238022	TCP	1306	40	1	1
16.5167920589	UDP	33	61	1	1
42.3388409615	UDP	825	576	1	1
3.50371313095	ICMP	302	302	1	1
17.2736649513	TCP	1078	40	1	1
74.9738111496	TCP	1338	40	1	2
5.42152309418	ICMP	418	418	1	1
31.8522281647	TCP	1275	40	1	1
5.0585501194	ICMP	160	160	1	1
7.34016394615	TCP	247	40	1	1
63.2773509026	TCP	530	40	1	2
7.05822110176	TCP	124	40	1	1
51.5382668972	ICMP	714	714	1	1
44.2438139915	TCP	365	40	1	1
74.1098999977	ICMP	424	424	1	1
19.941795826	TCP	50	40	1	1
10.4712901115	ICMP	329	329	1	1
12.2748100758	UDP	707	576	1	2
9.997631073	UDP	387	415	1	1
64.2239539623	TCP	888	40	1	2
3.31217098236	ICMP	261	261	1	1
17.7083780766	TCP	720	40	1	1
39.8558239937	TCP	1128	40	1	1
47.2707788944	TCP	1266	40	1	1
1.95287704468	ICMP	104	104	2	2
6.11110901833	ICMP	180	180	1	1
60.7117860317	UDP	965	576	1	1
1.59345293045	TCP	1323	40	2	2
1.3625459671	TCP	771	40	2	2
35.2611649036	TCP	786	40	1	1
3.90666699409	TCP	1107	40	1	1
54.4583749771	UDP	753	576	1	1
7.0895819664	ICMP	320	320	1	1
0.795241117477	TCP	976	40	2	2
24.50613904	TCP	1029	40	1	1
5.98615694046	UDP	700	576	1	1
19.1047639847	TCP	979	40	1	2
47.339662075	TCP	526	40	1	1
1.52067399025	UDP	621	576	2	2
35.2622101307	UDP	696	576	1	1
33.5544919968	ICMP	175	175	1	1
1.20760989189	UDP	291	319	2	2
22.9246439934	TCP	646	40	1	1
17.5102391243	TCP	134	40	1	1
44.0592589378	TCP	972	40	1	1
39.087957859	TCP	600	40	1	1
20.7614850998	TCP	602	40	1	2
35.8770141602	UDP	885	576	1	2
73.2404968739	ICMP	223	223	1	1
12.0806729794	ICMP	122	122	1	1
5.29305291176	ICMP	352	352	1	1
49.3577718735	TCP	242	40	1	1
74.573182106	TCP	777	40	1	1
6.88396286964	TCP	764	40	1	1
24.8115730286	ICMP	475	475	1	1
2.56156611443	ICMP	410	410	1	1
0.493288993835	UDP	931	576	2	2
3.42452788353	TCP	305	40	1	2
12.2102730274	UDP	804	576	1	3
24.1406259537	TCP	119	40	1	1
41.3504881859	ICMP	475	475	1	1
75.1645891666	TCP	305	40	1	1
26.947535038	TCP	1154	40	1	1
51.3892018795	TCP	860	40	1	1
9.42099499702	UDP	136	164	1	2
5.36820793152	TCP	223	40	1	1
3.84125804901	UDP	478	506	1	2
42.2557768822	ICMP	110	110	1	1
75.0161659718	ICMP	698	698	1	1
0.345743894577	TCP	1266	40	2	2
21.8336040974	TCP	737	40	1	1
13.8096790314	TCP	99	40	1	1
6.57977104187	TCP	1023	40	1	1
11.4616069794	ICMP	690	690	1	1
10.4209811687	UDP	888	576	1	1
43.1180839539	TCP	491	40	1	1
11.7541339397	TCP	747	40	1	1
14.601224184	TCP	169	40	1	2
2.05797410011	UDP	626	576	1	1
42.5000629425	ICMP	553	553	1	1
3.70971703529	ICMP	691	691	1	1
38.9897499084	TCP	791	40	1	2
52.2441539764	TCP	210	40	1	2
2.7125389576	UDP	806	576	1	1
1.87418913841	TCP	868	40	2	3
2.17949795723	ICMP	705	705	1	1
2.75948596001	TCP	637	40	1	2
1.22974395752	TCP	834	40	2	2
19.8756511211	ICMP	648	648	1	2
24.4678440094	UDP	898	576	1	2
3.74911808968	UDP	438	466	1	1
3.26188516617	UDP	411	439	1	1
56.8592031002	ICMP	188	188	1	3
0.610172986984	TCP	779	40	2	2
26.3752770424	TCP	386	40	1	1
17.8501341343	UDP	369	397	1	1
2.2661819458	TCP	553	40	1	1
43.939964056	ICMP	400	400	1	1
6.70598387718	TCP	646	40	1	1
28.2033629417	ICMP	549	549	1	1
12.0288550854	TCP	681	40	1	1
10.4317660332	TCP	962	40	1	1
7.72212219238	ICMP	460	460	1	1
41.500123024	TCP	151	40	1	2
42.5159659386	TCP	1035	40	1	3
2.51732206345	UDP	919	576	1	1
5.73125290871	ICMP	212	212	1	3
35.6296589375	TCP	823	40	1	1
2.15365219116	UDP	470	498	1	1
0.711017847061	TCP	291	40	2	2
7.80858111382	TCP	228	40	1	1
9.50422096252	TCP	1130	40	1	1
45.0500409603	TCP	755	40	1	1
14.8936781883	UDP	582	576	1	1
30.1487557888	TCP	73	40	1	4
2.384953022	TCP	1157	40	1	1
40.0803260803	ICMP	512	512	1	1
3.67675900459	UDP	767	576	1	1
1.66486096382	UDP	511	539	2	2
2.70965909958	UDP	558	576	1	1
24.9549670219	UDP	88	116	1	3
1.46966099739	TCP	653	40	2	2
23.7543802261	UDP	110	138	1	1
44.7095720768	UDP	41	69	1	1
2.75611400604	UDP	566	576	1	1
7.57364010811	TCP	913	40	1	1
1.23478388786	TCP	868	40	2	2
49.0168540478	TCP	1248	40	1	1
74.6038241386	TCP	1242	40	1	2
38.3406231403	ICMP	166	166	1	2
0.745995044708	ICMP	522	522	2	2
22.480880022	UDP	1010	576	1	1
71.9990320206	ICMP	299	299	1	1
3.70220589638	TCP	385	40	1	1
42.5399940014	ICMP	602	602	1	1
59.0170109272	TCP	460	40	1	2
75.0592551231	TCP	141	40	1	1
26.4118070602	ICMP	585	585	1	2
40.4199938774	ICMP	331	331	1	1
2.74278783798	ICMP	671	671	1	2
30.1703300476	ICMP	127	127	1	2
37.8300559521	ICMP	514	514	1	1
32.512775898	ICMP	346	346	1	2
2.07602882385	ICMP	651	651	1	1
1.14929795265	TCP	1337	40	2	2
18.009868145	ICMP	456	456	1	1
32.5373539925	TCP	1175	40	1	1
51.2066869736	TCP	1204	40	1	3
1.4111289978	ICMP	577	577	2	2
43.485268116	TCP	213	40	1	1
42.8161230087	TCP	694	40	1	1
20.1667239666	ICMP	705	705	1	1
42.0194480419	ICMP	506	506	1	1
1.3871819973	ICMP	172	172	2	2
5.68374490738	TCP	575	40	1	1
10.4892451763	TCP	931	40	1	1
1.44933509827	UDP	677	576	2	2
38.1137039661	UDP	633	576	1	1
65.1779129505	TCP	271	40	1	2
22.2583968639	UDP	499	527	1	1
3.65798401833	TCP	429	40	1	1
49.1302380562	UDP	733	576	1	1
25.0802841187	ICMP	175	175	1	1
7.64590382576	UDP	992	576	1	1
5.98750185966	TCP	793	40	1	1
46.0673928261	UDP	468	496	1	1
8.10073781013	ICMP	645	645	1	1
47.0395169258	UDP	565	576	1	1
1.28620100021	ICMP	721	721	2	2
45.2800700665	TCP	930	40	1	1
61.6986598969	ICMP	43	43	1	1
2.42863488197	TCP	279	40	1	1
5.39866495132	TCP	526	40	1	1
50.0597279072	TCP	146	40	1	1
2.42471385002	TCP	1025	40	1	1
2.28027105331	TCP	684	40	1	1
76.4558448792	TCP	225	40	1	2
34.0820980072	ICMP	355	355	1	1
25.7599959373	ICMP	186	186	1	1
34.7492079735	TCP	927	40	1	1
4.29127883911	TCP	106	40	1	1
32.2080500126	UDP	107	135	1	1
4.05719304085	TCP	476	40	1	1
3.82379698753	ICMP	678	678	1	2
60.4969410896	TCP	1146	40	1	2
19.8581459522	TCP	908	40	1	1
74.6460268497	TCP	1052	40	1	1
20.1595599651	TCP	556	40	1	1
44.2797091007	TCP	352	40	1	1
2.02883386612	UDP	1016	576	1	1
43.3452529907	TCP	1210	40	1	1
1.29714608192	ICMP	635	635	2	2
46.9591259956	TCP	1301	40	1	1
6.5986289978	TCP	979	40	1	1
17.3934419155	TCP	541	40	1	1
53.5533289909	UDP	269	297	1	1
32.3452329636	UDP	998	576	1	1
31.5466799736	TCP	1245	40	1	1
10.1892929077	ICMP	213	213	1	2
45.4027850628	UDP	877	576	1	1
55.8912479877	TCP	69	40	1	1
58.7762789726	ICMP	136	136	1	1
8.72033119202	TCP	911	40	1	1
34.3715119362	ICMP	619	619	1	3
26.9713320732	TCP	161	40	1	1
8.97653198242	ICMP	320	320	1	1
38.9064049721	TCP	472	40	1	2
46.4396309853	TCP	818	40	1	1
36.2651898861	TCP	384	40	1	1
9.71754693985	TCP	260	40	1	1
25.6211009026	TCP	150	40	1	1
31.7486128807	TCP	1006	40	1	1
6.2808611393	TCP	146	40	1	2
12.167935133	TCP	99	40	1	1
25.8936760426	ICMP	339	339	1	1
0.709578990936	TCP	810	40	2	2
7.53398704529	TCP	1254	40	1	1
3.18728303909	TCP	385	40	1	1
62.8801150322	TCP	56	40	1	1
33.0698270798	TCP	696	40	1	2
3.28101706505	TCP	993	40	1	1
3.54219293594	TCP	205	40	1	2
38.3320338726	TCP	563	40	1	1
1.71988987923	ICMP	422	422	2	2
11.7902700901	UDP	991	576	1	1
16.181787014	TCP	1268	40	1	1
4.5589799881	TCP	1178	40	1	1
64.7090749741	ICMP	458	458	1	1
62.3295991421	ICMP	529	529	1	1
34.4078931808	TCP	989	40	1	1
2.36052298546	TCP	987	40	1	1
41.781113863	ICMP	489	489	1	1
31.6313068867	TCP	1170	40	1	1
42.5470728874	TCP	416	40	1	2
3.8426721096	TCP	47	40	1	1
1.33802604675	TCP	295	40	2	2
47.0553660393	TCP	221	40	1	1
8.51331996918	ICMP	143	143	1	1
12.9356460571	ICMP	98	98	1	3
28.6043469906	UDP	263	291	1	1
41.0633990765	ICMP	381	381	1	1
2.71960496902	TCP	828	40	1	1
1.41822695732	TCP	354	40	2	2
5.58112502098	TCP	243	40	1	1
61.5410590172	ICMP	142	142	1	2
43.1037938595	UDP	1008	576	1	1
15.6101279259	ICMP	81	81	1	1
6.99633693695	ICMP	381	381	1	2
28.6374981403	UDP	349	377	1	1
7.60827207565	TCP	501	40	1	1
0.977733850479	TCP	48	40	2	2
2.65034484863	TCP	577	40	1	1
3.12719392776	TCP	1187	40	1	1
65.5190730095	UDP	589	576	1	1
4.9195420742	TCP	62	40	1	1
44.372685194	UDP	432	460	1	1
3.46023797989	TCP	436	40	1	2
2.81128096581	TCP	128	40	1	1
13.5442061424	TCP	561	40	1	2
2.74313497543	ICMP	490	490	1	1
17.7050070763	TCP	1050	40	1	1
19.3876008987	ICMP	149	149	1	2
1.45317912102	TCP	409	40	2	4
33.8021519184	ICMP	581	581	1	1
39.7094688416	TCP	215	40	1	1
2.17285513878	ICMP	630	630	1	1
8.20987391472	UDP	86	114	1	1
68.7832849026	TCP	647	40	1	1
27.3853490353	TCP	1330	40	1	2
7.59924793243	TCP	152	40	1	1
68.6085410118	TCP	1337	40	1	1
74.9320681095	TCP	1236	40	1	2
2.30815792084	TCP	517	40	1	1
5.18630099297	ICMP	479	479	1	1
5.1944038868	TCP	788	40	1	2
6.04922413826	UDP	163	191	1	1
1.94801616669	TCP	1313	40	2	2
3.61590981483	TCP	553	40	1	1
32.5236439705	ICMP	564	564	1	2
41.8905909061	UDP	616	576	1	1
2.53034901619	TCP	1185	40	1	1
15.9094991684	ICMP	466	466	1	1
1.82926297188	ICMP	400	400	2	2
49.4115140438	ICMP	684	684	1	1
15.2523150444	TCP	1091	40	1	1
13.4712920189	ICMP	486	486	1	1
11.8696870804	UDP	952	576	1	1
60.3488838673	UDP	804	576	1	1
71.801181078	TCP	1043	40	1	1
5.10116505623	TCP	812	40	1	2
24.8104279041	TCP	526	40	1	2
3.51546502113	TCP	981	40	1	1
0.717841863632	TCP	1331	40	2	2
34.8041489124	ICMP	261	261	1	2
1.41143798828	UDP	748	576	2	2
1.37164497375	ICMP	152	152	2	2
70.6906440258	ICMP	306	306	1	1
0.297319173813	ICMP	225	225	2	2
1.26718306541	TCP	853	40	2	2
30.7990980148	TCP	95	40	1	1
48.4703760147	TCP	208	40	1	1
2.83658909798	UDP	766	576	1	1
66.1998260021	TCP	231	40	1	2
2.05959582329	TCP	424	40	1	1
50.1200671196	TCP	1137	40	1	1
5.17155694962	ICMP	618	618	1	1
9.36496496201	TCP	1159	40	1	2
40.6219480038	ICMP	120	120	1	1
29.4592380524	ICMP	556	556	1	1
45.3504579067	TCP	102	40	1	1
2.34949088097	UDP	879	576	1	1
52.4790039062	TCP	506	40	1	2
5.01025390625	UDP	184	212	1	1
0.776926994324	TCP	715	40	2	2
11.9880418777	TCP	790	40	1	1
2.74014091492	TCP	1208	40	1	1
67.0966000557	UDP	787	576	1	1
69.228399992	TCP	531	40	1	2
54.837223053	TCP	1140	40	1	1
12.0154898167	ICMP	370	370	1	1
60.7569499016	ICMP	230	230	1	2
28.1436300278	UDP	296	324	1	1
9.48689293861	ICMP	383	383	1	3
2.46573996544	TCP	1094	40	1	1
3.83287715912	TCP	203	40	1	1
47.1890990734	TCP	329	40	1	1
76.7266418934	ICMP	174	174	1	1
32.4609479904	ICMP	250	250	1	1
45.4747409821	ICMP	711	711	1	1
2.15955781937	TCP	684	40	1	1
2.93320012093	TCP	1107	40	1	1
64.3850300312	ICMP	543	543	1	3
35.0593130589	UDP	219	247	1	1
4.19381594658	TCP	299	40	1	1
1.97642302513	UDP	995	576	2	3
8.05205416679	UDP	81	109	1	1
4.72384905815	TCP	1053	40	1	2
1.99803495407	TCP	447	40	2	2
69.3176419735	ICMP	728	728	1	1
28.3026649952	TCP	309	40	1	1
34.1768288612	TCP	1157	40	1	3
15.2188019753	TCP	706	40	1	1
41.3199288845	ICMP	55	55	1	2
35.3176550865	UDP	752	576	1	1
5.58661794662	ICMP	549	549	1	1
8.24995112419	UDP	965	576	1	1
32.267925024	ICMP	547	547	1	1
20.7204978466	UDP	637	576	1	1
27.0059959888	ICMP	508	508	1	1
1.8261179924	UDP	642	576	2	2
35.0586149693	TCP	319	40	1	1
9.66061615944	TCP	506	40	1	2
2.45900797844	ICMP	465	465	1	2
62.6329050064	TCP	1296	40	1	1
14.2916510105	TCP	396	40	1	1
44.1835570335	UDP	988	576	1	1
4.0398080349	TCP	853	40	1	1
2.00254201889	TCP	1244	40	1	1
42.5949850082	ICMP	236	236	1	1
30.430243969	TCP	1035	40	1	2
1.06996417046	TCP	282	40	2	2
5.45995998383	ICMP	681	681	1	1
2.53260493279	ICMP	485	485	1	1
12.9070768356	TCP	418	40	1	1
61.7235050201	TCP	281	40	1	1
8.94182300568	TCP	50	40	1	1
36.2800121307	TCP	625	40	1	1
28.335392952	ICMP	282	282	1	1
44.1918787956	TCP	839	40	1	2
6.67140007019	TCP	842	40	1	1
44.4247090816	TCP	1078	40	1	1
44.8737368584	TCP	729	40	1	1
6.37551999092	TCP	525	40	1	2
34.1485869884	ICMP	581	581	1	1
4.15072202682	UDP	567	576	1	1
4.68966913223	UDP	685	576	1	1
41.6662690639	UDP	821	576	1	1
45.3414270878	UDP	803	576	1	1
73.1083350182	UDP	256	284	1	1
1.89912009239	TCP	1112	40	2	3
4.64117717743	UDP	672	576	1	1
2.55555295944	TCP	800	40	1	1
73.7705128193	TCP	549	40	1	1
34.2182209492	ICMP	720	720	1	1
66.2108161449	UDP	241	269	1	2
4.52001905441	TCP	301	40	1	2
24.7945740223	TCP	917	40	1	1
62.4895191193	TCP	763	40	1	2
36.8235919476	TCP	755	40	1	2
3.26716399193	UDP	506	534	1	1
26.8676729202	TCP	158	40	1	1
8.50559711456	TCP	265	40	1	3
67.4128878117	TCP	1176	40	1	1
30.2703158855	TCP	608	40	1	1
12.0704638958	ICMP	120	120	1	3
40.4013450146	TCP	884	40	1	1
6.77966284752	ICMP	544	544	1	1
4.70673108101	TCP	577	40	1	1
53.8267040253	TCP	258	40	1	1
35.6015388966	ICMP	447	447	1	1
6.88235092163	TCP	1333	40	1	1
2.60466790199	ICMP	628	628	1	1
1.4631061554	UDP	440	468	2	2
33.8791120052	TCP	768	40	1	1
12.0702381134	TCP	807	40	1	1
11.1607351303	TCP	762	40	1	1
63.9817898273	TCP	256	40	1	1
43.2625091076	ICMP	597	597	1	1
11.9795901775	TCP	1028	40	1	1
17.6168050766	UDP	928	576	1	1
13.9375510216	TCP	48	40	1	1
37.7708981037	UDP	951	576	1	1
5.95809698105	TCP	63	40	1	1
44.4438290596	TCP	538	40	1	1
39.7309081554	TCP	565	40	1	3
43.3769459724	ICMP	318	318	1	1
1.08464002609	TCP	1121	40	2	2
15.2705869675	TCP	79	40	1	1
5.34949493408	TCP	1304	40	1	1
2.08832001686	ICMP	473	473	1	1
21.7196800709	TCP	438	40	1	1
39.9772951603	TCP	982	40	1	2
45.0599389076	TCP	1144	40	1	1
19.3290319443	UDP	368	396	1	1
0.405102014542	ICMP	43	43	2	2
18.3038971424	ICMP	688	688	1	1
7.26347494125	TCP	1248	40	1	1
2.69030499458	TCP	124	40	1	1
21.6802830696	TCP	1034	40	1	1
73.0578670502	TCP	522	40	1	1
47.6532058716	TCP	1238	40	1	1
24.9098889828	ICMP	420	420	1	1
3.02746295929	TCP	840	40	1	2
29.8508849144	TCP	112	40	1	1
75.6179249287	ICMP	575	575	1	1
1.93978095055	TCP	1014	40	2	2
75.1881041527	TCP	1153	40	1	1
18.4864871502	TCP	1070	40	1	2
1.0481801033	ICMP	376	376	2	2
4.75535416603	TCP	1053	40	1	1
5.62142300606	UDP	937	576	1	2
2.28947401047	ICMP	501	501	1	1
1.32384300232	UDP	85	113	2	2
29.1886901855	ICMP	290	290	1	1
33.5014672279	UDP	501	529	1	1
41.8230021	TCP	121	40	1	1
38.8326230049	ICMP	478	478	1	1
76.1154561043	ICMP	31	31	1	1
2.4407658577	ICMP	60	60	1	2
5.72021007538	TCP	811	40	1	1
12.1995208263	TCP	360	40	1	1
27.4649960995	UDP	525	553	1	1
27.1430740356	UDP	310	338	1	1
14.6563971043	ICMP	121	121	1	1
12.6721940041	UDP	767	576	1	2
45.9303309917	TCP	391	40	1	1
7.31497001648	TCP	675	40	1	1
1.11597084999	TCP	1179	40	2	2
25.3225231171	ICMP	42	42	1	1
53.5386741161	UDP	1021	576	1	1
6.60680007935	TCP	902	40	1	2
12.445731163	TCP	496	40	1	1
2.16513895988	TCP	1035	40	1	1
3.13638305664	ICMP	239	239	1	1
46.2863519192	ICMP	34	34	1	1
12.06062603	TCP	227	40	1	1
49.5395710468	TCP	223	40	1	1
9.46896409988	ICMP	258	258	1	1
18.1178998947	ICMP	401	401	1	2
3.17939186096	ICMP	692	692	1	1
66.0596649647	ICMP	462	462	1	1
59.7493479252	TCP	1305	40	1	1
49.9852170944	TCP	858	40	1	1
41.5875909328	UDP	329	357	1	1
31.5972061157	ICMP	330	330	1	1
1.98994898796	UDP	33	61	2	2
1.38951587677	TCP	556	40	2	2
1.57998204231	UDP	697	576	2	2
0.32119011879	TCP	941	40	2	2
3.74908995628	ICMP	49	49	1	1
32.2792890072	TCP	1045	40	1	1
25.1779868603	TCP	856	40	1	1
1.14007592201	TCP	741	40	2	3
1.65709590912	ICMP	633	633	2	2
4.22856903076	TCP	1184	40	1	1
21.0188400745	TCP	84	40	1	2
1.98101401329	ICMP	268	268	2	2
23.8590550423	TCP	498	40	1	1
39.3943111897	ICMP	174	174	1	1
36.7346990108	UDP	927	576	1	1
3.21050596237	UDP	562	576	1	1
40.7448937893	TCP	1123	40	1	2
1.42452287674	UDP	782	576	2	3
28.3247280121	UDP	658	576	1	1
13.0695130825	TCP	266	40	1	1
19.0330789089	ICMP	500	500	1	1
20.4963870049	TCP	699	40	1	1
6.60627102852	TCP	834	40	1	2
72.94967103	TCP	132	40	1	1
61.2876310349	TCP	219	40	1	1
75.7418169975	TCP	1233	40	1	1
61.7812662125	UDP	911	576	1	1
1.5498521328	TCP	1242	40	2	2
7.45639204979	TCP	1248	40	1	1
32.650593996	ICMP	148	148	1	1
6.22307395935	TCP	73	40	1	2
11.8339040279	TCP	1263	40	1	2
9.98901891708	TCP	917	40	1	1
20.163364172	TCP	680	40	1	2
15.3729259968	ICMP	578	578	1	1
1.03036403656	ICMP	659	659	2	2
13.9975538254	TCP	389	40	1	1
74.7338228226	TCP	957	40	1	1
61.7697660923	TCP	970	40	1	1
3.00825691223	ICMP	696	696	1	1
5.82724094391	TCP	284	40	1	2
2.82922697067	TCP	227	40	1	1
2.15142393112	TCP	300	40	1	1
34.143419981	UDP	233	261	1	1
2.69465112686	TCP	542	40	1	1
42.299725771	TCP	1298	40	1	2
3.96918392181	ICMP	597	597	1	1
7.69758200645	ICMP	521	521	1	1
21.4708230495	UDP	901	576	1	1
31.2032711506	UDP	368	396	1	1
9.72120308876	UDP	30	58	1	1
39.0531241894	TCP	475	40	1	1
0.743401050568	ICMP	306	306	2	2
4.50786113739	TCP	880	40	1	1
18.7783739567	TCP	929	40	1	2
20.1219508648	UDP	632	576	1	1
75.8281271458	TCP	1195	40	1	1
63.2685239315	TCP	218	40	1	1
8.58526587486	UDP	631	576	1	2
2.16840291023	TCP	699	40	1	1
2.93235588074	TCP	1324	40	1	1
23.0201530457	TCP	1039	40	1	1
7.71007204056	TCP	1165	40	1	1
62.2190630436	ICMP	345	345	1	1
4.59783697128	TCP	485	40	1	1
1.91420722008	ICMP	111	111	2	2
45.970826149	TCP	123	40	1	1
4.9210691452	TCP	927	40	1	1
14.6299111843	TCP	326	40	1	2
15.6705729961	TCP	361	40	1	1
38.3610079288	ICMP	182	182	1	1
3.17025303841	TCP	760	40	1	1
43.3893208504	TCP	342	40	1	1
76.8030500412	ICMP	133	133	1	1
0.980954885483	TCP	566	40	2	2
5.12710189819	ICMP	406	406	1	3
12.7679781914	UDP	898	576	1	2
0.470520973206	TCP	891	40	2	2
1.8014960289	TCP	710	40	2	2
15.2156670094	ICMP	530	530	1	1
44.9999270439	ICMP	85	85	1	1
16.6330280304	TCP	1205	40	1	1
23.7876710892	TCP	1112	40	1	1
21.5888371468	TCP	384	40	1	1
51.9529809952	UDP	968	576	1	1
23.3903260231	UDP	972	576	1	1
1.10533189774	ICMP	582	582	2	2
8.81027388573	ICMP	420	420	1	1
2.49289488792	ICMP	156	156	1	1
1.76579117775	TCP	498	40	2	3
13.9228758812	TCP	678	40	1	1
7.34793806076	TCP	1173	40	1	2
7.94551515579	TCP	814	40	1	1
22.3992960453	TCP	786	40	1	1
63.3897769451	ICMP	501	501	1	1
1.96020507812	TCP	1276	40	2	2
73.9754338264	TCP	901	40	1	2
1.60391402245	TCP	192	40	2	2
25.6106328964	TCP	1334	40	1	1
0.407537221909	TCP	1197	40	2	2
21.6403021812	ICMP	526	526	1	1
12.5143721104	ICMP	514	514	1	1
22.7079341412	TCP	1005	40	1	1
34.5325460434	UDP	38	66	1	1
2.51170492172	TCP	1132	40	1	2
49.0073330402	TCP	280	40	1	1
33.3505589962	TCP	460	40	1	1
3.77992415428	TCP	484	40	1	1
43.94683218	TCP	315	40	1	1
6.28583502769	TCP	1092	40	1	1
24.382185936	UDP	666	576	1	2
15.4279930592	ICMP	486	486	1	1
18.3406150341	ICMP	195	195	1	1
23.8385360241	UDP	867	576	1	1
2.69060897827	TCP	144	40	1	1
45.2748610973	TCP	1235	40	1	1
10.0480780602	TCP	667	40	1	1
7.35639190674	UDP	934	576	1	1
0.703944921494	TCP	1021	40	2	2
36.3776428699	ICMP	535	535	1	1
74.8803310394	UDP	100	128	1	1
2.57191586494	UDP	120	148	1	1
5.01559996605	ICMP	299	299	1	1
2.09660315514	ICMP	472	472	1	1
8.339427948	ICMP	106	106	1	2
29.8696231842	TCP	1026	40	1	1
2.32195591927	UDP	141	169	1	1
4.40438389778	ICMP	531	531	1	1
48.802052021	TCP	741	40	1	1
19.8059098721	TCP	921	40	1	2
24.9107220173	UDP	707	576	1	4
47.5006320477	TCP	419	40	1	1
30.9465179443	ICMP	420	420	1	1
4.15205097198	TCP	885	40	1	1
35.90184021	ICMP	582	582	1	1
2.68574309349	TCP	271	40	1	1
2.19022107124	TCP	668	40	1	1
2.15693187714	ICMP	715	715	1	1
12.2096748352	ICMP	526	526	1	1
72.7630898952	ICMP	88	88	1	3
10.34770298	UDP	350	378	1	2
1.84582209587	TCP	1008	40	2	2
27.3119769096	ICMP	523	523	1	1
25.0291728973	ICMP	370	370	1	1
16.3072478771	TCP	654	40	1	1
14.8263750076	ICMP	285	285	1	2
60.5878460407	TCP	1282	40	1	1
0.320333003998	ICMP	422	422	2	2
2.93332481384	TCP	614	40	1	1
64.3288459778	UDP	829	576	1	1
27.0283148289	TCP	815	40	1	2
30.7019510269	TCP	498	40	1	1
36.2982070446	TCP	1009	40	1	1
41.1750431061	TCP	501	40	1	1
26.756747961	UDP	603	576	1	1
4.09971308708	ICMP	129	129	1	1
7.97662997246	TCP	748	40	1	1
54.4990160465	TCP	1070	40	1	1
76.0841670036	UDP	365	393	1	1
75.1930661201	ICMP	612	612	1	1
49.9421839714	TCP	1312	40	1	1
19.9562590122	TCP	386	40	1	1
74.9274110794	ICMP	237	237	1	1
8.54301309586	ICMP	275	275	1	2
18.7522740364	TCP	1323	40	1	3
14.2589478493	TCP	1132	40	1	1
0.523992061615	TCP	386	40	2	2
21.1630821228	TCP	352	40	1	1
73.4768340588	ICMP	706	706	1	1
27.004431963	UDP	315	343	1	2
0.414846897125	UDP	934	576	2	2
4.27619290352	TCP	946	40	1	1
26.9802601337	TCP	433	40	1	1
3.67056202888	TCP	591	40	1	1
5.47866106033	TCP	563	40	1	1
27.5973749161	TCP	159	40	1	1
9.85702610016	TCP	883	40	1	1
17.6036329269	TCP	1013	40	1	1
7.38563513756	TCP	368	40	1	1
73.3412230015	TCP	66	40	1	2
6.0001938343	TCP	288	40	1	1
47.2464790344	ICMP	680	680	1	1
73.6546108723	TCP	628	40	1	1
39.9194531441	UDP	469	497	1	1
1.6456758976	TCP	967	40	2	2
14.0153300762	UDP	258	286	1	1
4.165102005	ICMP	54	54	1	1
52.9355261326	TCP	90	40	1	1
16.4529368877	TCP	390	40	1	1
4.00050210953	TCP	337	40	1	1
27.6796381474	ICMP	608	608	1	1
1.0250711441	ICMP	473	473	2	2
40.3828880787	TCP	476	40	1	1
32.5439910889	ICMP	299	299	1	1
39.2246320248	ICMP	574	574	1	2
2.37176513672	TCP	330	40	1	1
15.8374149799	TCP	928	40	1	1
24.0820739269	UDP	407	435	1	1
26.1712639332	TCP	440	40	1	1
2.60958313942	UDP	725	576	1	1
17.7728748322	UDP	440	468	1	1
30.7635610104	UDP	708	576	1	2
39.240871191	ICMP	603	603	1	1
28.9127120972	TCP	160	40	1	1
0.527850866318	UDP	917	576	2	2
6.84335494041	ICMP	389	389	1	2
63.9551379681	TCP	1219	40	1	1
13.8904719353	TCP	952	40	1	2
1.70853900909	ICMP	541	541	2	2
0.334326982498	TCP	196	40	2	2
28.1183869839	ICMP	665	665	1	1
49.9683699608	UDP	363	391	1	2
3.96298003197	ICMP	652	652	1	1
34.1410520077	UDP	655	576	1	1
28.6409649849	ICMP	524	524	1	1
0.312788963318	ICMP	395	395	2	2
41.0982940197	TCP	302	40	1	1
18.0497198105	UDP	823	576	1	1
59.2803881168	TCP	428	40	1	1
73.8360178471	TCP	965	40	1	2
53.7692840099	TCP	132	40	1	1
39.130562067	ICMP	547	547	1	1
64.1469218731	ICMP	427	427	1	1
2.48648905754	UDP	47	75	1	1
41.2606079578	TCP	234	40	1	1
34.963737011	UDP	950	576	1	2
2.59330201149	ICMP	45	45	1	1
3.22564411163	ICMP	667	667	1	1
11.6799490452	TCP	244	40	1	1
73.0412380695	ICMP	112	112	1	1
60.0496370792	TCP	693	40	1	1
4.70918512344	TCP	681	40	1	1
27.6083118916	TCP	464	40	1	1
49.6007900238	ICMP	631	631	1	1
22.2201859951	TCP	626	40	1	1
2.7133128643	TCP	673	40	1	1
12.1496591568	TCP	793	40	1	1
10.1491060257	TCP	80	40	1	1
3.41200208664	TCP	602	40	1	1
18.4479949474	ICMP	61	61	1	1
10.3303890228	ICMP	387	387	1	1
64.6348099709	ICMP	573	573	1	1
15.2312669754	ICMP	571	571	1	1
4.55353593826	ICMP	543	543	1	2
45.5850532055	UDP	957	576	1	1
46.1564481258	TCP	1256	40	1	1
49.1190850735	ICMP	450	450	1	1
75.5789139271	TCP	1108	40	1	2
36.9955101013	UDP	100	128	1	1
60.486041069	TCP	1099	40	1	1
31.4700939655	UDP	808	576	1	1
5.95126199722	ICMP	527	527	1	1
1.85567903519	UDP	401	429	2	2
6.40318822861	TCP	293	40	1	1
5.10479807854	ICMP	434	434	1	1
1.39217209816	UDP	360	388	2	2
1.4868080616	UDP	246	274	2	2
37.645524025	UDP	714	576	1	1
1.29389405251	TCP	553	40	2	2
51.5044589043	TCP	1022	40	1	1
2.04981708527	ICMP	236	236	1	1
25.0589327812	ICMP	652	652	1	2
11.8676130772	ICMP	203	203	1	1
1.91006708145	ICMP	343	343	2	2
1.50830483437	TCP	1159	40	2	2
33.3990299702	TCP	774	40	1	1
1.5560400486	TCP	77	40	2	2
21.7069180012	TCP	108	40	1	1
32.1229200363	TCP	561	40	1	3
34.2405538559	TCP	351	40	1	1
4.30897402763	ICMP	626	626	1	1
15.1483991146	TCP	287	40	1	1
33.3904080391	TCP	302	40	1	1
45.3132150173	ICMP	575	575	1	1
5.77726006508	TCP	719	40	1	1
46.5424909592	TCP	1258	40	1	2
40.3924629688	TCP	1266	40	1	1
74.0993020535	TCP	479	40	1	1
66.0704510212	ICMP	221	221	1	1
18.1099600792	TCP	284	40	1	1
4.14447999001	TCP	272	40	1	1
62.4462108612	ICMP	475	475	1	2
69.5809860229	ICMP	80	80	1	1
13.9585549831	ICMP	409	409	1	1
24.0964460373	TCP	383	40	1	1
18.8175780773	TCP	132	40	1	1
74.0631740093	TCP	238	40	1	1
26.9068791866	TCP	736	40	1	2
61.5740540028	TCP	669	40	1	1
8.89437294006	TCP	703	40	1	2
2.37018799782	TCP	1142	40	1	1
0.474795103073	TCP	171	40	2	3
4.03020596504	UDP	841	576	1	1
59.4090328217	UDP	90	118	1	1
52.4573280811	UDP	938	576	1	2
45.0911791325	TCP	871	40	1	1
9.43603992462	UDP	364	392	1	1
48.8304188251	ICMP	713	713	1	1
43.7830550671	ICMP	122	122	1	1
62.3242030144	ICMP	106	106	1	1
10.8845798969	ICMP	116	116	1	1
6.69729208946	TCP	851	40	1	1
43.8833539486	ICMP	539	539	1	2
1.57724499702	TCP	1150	40	2	2
8.27258419991	ICMP	216	216	1	1
0.529798030853	TCP	984	40	2	2
42.5497841835	ICMP	83	83	1	1
2.59381484985	TCP	815	40	1	1
32.8508229256	ICMP	187	187	1	1
3.18866705894	TCP	979	40	1	1
3.1845471859	TCP	1223	40	1	1
47.0212860107	TCP	252	40	1	2
49.0575299263	TCP	229	40	1	1
16.6071970463	ICMP	183	183	1	1
34.1108779907	ICMP	225	225	1	1
30.4093639851	UDP	432	460	1	1
2.61822199821	ICMP	334	334	1	1
0.458513975143	TCP	752	40	2	2
33.4050521851	TCP	1250	40	1	1
10.9843049049	UDP	349	377	1	1
4.35742402077	ICMP	69	69	1	1
3.16138505936	UDP	1006	576	1	1
13.8206028938	TCP	513	40	1	1
1.57505488396	ICMP	449	449	2	2
5.69462513924	ICMP	293	293	1	1
45.6892530918	ICMP	251	251	1	2
38.0308721066	UDP	864	576	1	1
47.4948530197	UDP	399	427	1	1
8.1342010498	UDP	958	576	1	1
38.2680950165	ICMP	499	499	1	1
2.114798069	TCP	1013	40	1	1
1.3083319664	ICMP	149	149	2	3
40.4625360966	UDP	187	215	1	1
1.53011608124	ICMP	281	281	2	3
23.4841389656	TCP	597	40	1	1
1.78584694862	UDP	555	576	2	2
60.1571679115	ICMP	52	52	1	1
33.3201501369	TCP	372	40	1	1
32.2946300507	TCP	366	40	1	1
17.8791031837	TCP	1304	40	1	1
40.5176539421	TCP	1039	40	1	2
6.19901394844	TCP	1135	40	1	1
2.3617181778	UDP	997	576	1	2
31.6188838482	TCP	1182	40	1	1
4.86069703102	ICMP	87	87	1	1
0.576812028885	TCP	120	40	2	2
5.91005706787	TCP	224	40	1	1
3.11420416832	UDP	835	576	1	1
46.7487180233	TCP	310	40	1	1
3.40624380112	TCP	475	40	1	1
42.7215950489	ICMP	312	312	1	2
35.3237950802	TCP	1023	40	1	1
41.1253728867	TCP	679	40	1	2
4.7958509922	UDP	999	576	1	1
29.9722459316	UDP	780	576	1	1
3.31030797958	UDP	235	263	1	1
0.308442831039	TCP	248	40	2	2
14.7604951859	TCP	427	40	1	1
7.50014305115	UDP	564	576	1	1
47.5876429081	TCP	817	40	1	1
28.5115499496	UDP	320	348	1	1
41.7215631008	TCP	1198	40	1	1
4.86983704567	TCP	436	40	1	1
18.8518500328	TCP	816	40	1	1
56.3838429451	UDP	652	576	1	1
1.36502599716	TCP	61	40	2	2
2.31394600868	TCP	797	40	1	1
57.2247960567	TCP	284	40	1	1
32.897342205	ICMP	584	584	1	3
8.66961884499	TCP	769	40	1	1
2.31143403053	UDP	328	356	1	1
74.7677288055	TCP	689	40	1	1
43.0871119499	ICMP	329	329	1	2
56.828387022	TCP	464	40	1	1
27.5879468918	ICMP	135	135	1	1
8.68067312241	TCP	748	40	1	1
4.32157301903	ICMP	562	562	1	2
50.5897650719	TCP	741	40	1	2
21.2102370262	ICMP	30	30	1	1
21.4942040443	ICMP	530	530	1	1
26.9501430988	ICMP	389	389	1	1
7.9245288372	TCP	1271	40	1	2
42.147578001	TCP	225	40	1	1
2.19411802292	TCP	458	40	1	1
4.13161706924	ICMP	715	715	1	1
44.2436540127	ICMP	597	597	1	1
74.6168699265	ICMP	236	236	1	1
27.7443702221	TCP	1212	40	1	1
2.60541701317	ICMP	82	82	1	1
73.4613449574	TCP	868	40	1	2
24.7506308556	ICMP	461	461	1	1
73.8995580673	TCP	291	40	1	1
2.40014410019	UDP	436	464	1	1
3.29044604301	TCP	683	40	1	1
2.21638512611	TCP	571	40	1	1
4.52908706665	TCP	1061	40	1	1
13.3834569454	TCP	1073	40	1	1
48.0116250515	UDP	939	576	1	1
64.2064769268	ICMP	153	153	1	2
37.1678330898	ICMP	299	299	1	1
11.149930954	ICMP	445	445	1	1
72.2255699635	TCP	1061	40	1	1
19.1475629807	ICMP	544	544	1	1
4.18889808655	TCP	802	40	1	1
37.8883190155	ICMP	177	177	1	1
35.3791379929	TCP	647	40	1	1
31.5498120785	TCP	55	40	1	1
40.1597650051	TCP	392	40	1	1
3.66915988922	ICMP	567	567	1	1
34.7303860188	ICMP	275	275	1	1
0.481974840164	UDP	709	576	2	2
40.0302090645	TCP	856	40	1	1
21.9021000862	TCP	41	40	1	2
26.7699439526	TCP	591	40	1	1
25.4165740013	ICMP	231	231	1	1
17.3068058491	UDP	485	513	1	1
3.877368927	TCP	1167	40	1	1
3.13314795494	ICMP	187	187	1	1
22.2199678421	TCP	869	40	1	1
4.76205801964	ICMP	121	121	1	1
36.1489391327	TCP	446	40	1	1
45.2330758572	ICMP	260	260	1	1
15.9694280624	ICMP	291	291	1	1
11.6337440014	ICMP	269	269	1	1
20.9135379791	ICMP	340	340	1	2
26.8519690037	ICMP	227	227	1	1
3.9408018589	UDP	459	487	1	1
15.9217960835	UDP	100	128	1	1
62.2698972225	UDP	539	567	1	1
7.40979599953	TCP	936	40	1	1
9.44245386124	TCP	108	40	1	2
42.862459898	TCP	688	40	1	1
27.7506709099	TCP	997	40	1	1
35.6500680447	UDP	329	357	1	1
1.9818880558	UDP	953	576	2	2
34.920994997	TCP	688	40	1	1
73.5459668636	TCP	1157	40	1	1
4.32953286171	TCP	439	40	1	1
73.0601959229	ICMP	217	217	1	2
15.6272819042	TCP	1194	40	1	1
2.62343001366	UDP	728	576	1	1
18.9205980301	TCP	68	40	1	1
17.1002089977	TCP	448	40	1	1
0.379348039627	ICMP	673	673	2	2
18.1291630268	TCP	47	40	1	1
4.04193592072	TCP	92	40	1	1
22.710837841	UDP	419	447	1	1
53.8284070492	ICMP	501	501	1	2
9.31354403496	ICMP	658	658	1	1
69.208065033	TCP	1039	40	1	1
28.4541602135	ICMP	217	217	1	2
2.39047288895	UDP	168	196	1	2
47.6311461926	UDP	77	105	1	1
44.2200050354	TCP	939	40	1	1
3.52046298981	ICMP	401	401	1	2
1.62797188759	ICMP	607	607	2	3
3.73276495934	ICMP	425	425	1	1
0.311849117279	TCP	856	40	2	2
73.3108642101	TCP	671	40	1	2
34.8033790588	TCP	912	40	1	2
1.92966294289	UDP	293	321	2	2
3.40962791443	TCP	670	40	1	1
29.9903268814	ICMP	471	471	1	1
29.372947216	TCP	410	40	1	1
21.9355640411	UDP	939	576	1	1
26.7287938595	UDP	936	576	1	1
1.99558806419	ICMP	234	234	2	2
25.5044879913	UDP	885	576	1	1
8.62804603577	TCP	1010	40	1	1
74.6527340412	TCP	1205	40	1	1
75.2297430038	UDP	755	576	1	2
3.85831809044	ICMP	368	368	1	1
10.2058050632	UDP	748	576	1	1
45.3296630383	TCP	466	40	1	1
2.15663194656	TCP	387	40	1	1
36.4958188534	TCP	910	40	1	2
15.616481781	TCP	995	40	1	1
20.9561719894	TCP	449	40	1	1
21.0248370171	ICMP	409	409	1	1
5.48680591583	UDP	341	369	1	1
4.84096288681	TCP	133	40	1	1
3.71864008904	ICMP	468	468	1	1
1.5594329834	ICMP	44	44	2	4
64.0245399475	ICMP	68	68	1	1
22.7368972301	TCP	790	40	1	1
1.6752910614	ICMP	65	65	2	2
0.617202997208	UDP	614	576	2	2
21.1999280453	UDP	392	420	1	1
8.41163516045	TCP	246	40	1	1
1.89006304741	TCP	486	40	2	4
60.6699259281	TCP	76	40	1	2
21.7482709885	TCP	1164	40	1	1
4.0243678093	TCP	1018	40	1	2
2.25844192505	UDP	877	576	1	1
46.4865379333	TCP	913	40	1	1
1.3505179882	ICMP	167	167	2	2
3.0202960968	ICMP	356	356	1	1
15.3416380882	UDP	583	576	1	1
42.2936890125	UDP	777	576	1	1
6.929708004	TCP	1012	40	1	1
16.0726799965	TCP	1016	40	1	1
74.6871240139	TCP	218	40	1	1
17.0308241844	UDP	422	450	1	1
60.3785910606	UDP	265	293	1	2
55.538506031	TCP	1180	40	1	1
37.8679740429	UDP	301	329	1	1
20.1170661449	TCP	988	40	1	2
14.666672945	TCP	999	40	1	2
0.310296058655	UDP	670	576	2	2
2.37875986099	UDP	552	576	1	1
3.0445458889	ICMP	101	101	1	1
21.443418026	TCP	606	40	1	1
24.7432048321	ICMP	345	345	1	1
3.78633594513	ICMP	661	661	1	1
4.92060494423	TCP	787	40	1	2
2.04559493065	TCP	539	40	1	1
29.9899761677	TCP	275	40	1	1
2.69101285934	UDP	35	63	1	2
23.9376649857	TCP	118	40	1	1
74.3737158775	TCP	187	40	1	1
31.3681850433	ICMP	330	330	1	3
16.1059529781	ICMP	378	378	1	1
1.39236307144	TCP	1179	40	2	2
8.09287714958	UDP	43	71	1	2
50.4311349392	UDP	371	399	1	1
2.76023101807	UDP	921	576	1	1
20.8202109337	TCP	452	40	1	3
27.5203580856	TCP	495	40	1	1
42.1788568497	TCP	955	40	1	1
9.20747303963	TCP	1219	40	1	2
23.0589888096	ICMP	177	177	1	1
2.18709397316	TCP	908	40	1	1
3.3291041851	TCP	1064	40	1	1
0.851525068283	ICMP	188	188	2	3
0.729938030243	TCP	274	40	2	2
10.626101017	UDP	692	576	1	1
63.4774999619	ICMP	244	244	1	1
60.4099919796	ICMP	459	459	1	2
4.91230916977	UDP	796	576	1	2
0.840601921082	UDP	636	576	2	4
63.9193050861	TCP	1077	40	1	1
62.9002299309	UDP	884	576	1	2
28.5985519886	ICMP	576	576	1	1
66.9303729534	ICMP	62	62	1	1
9.38617515564	TCP	370	40	1	2
15.519518137	ICMP	619	619	1	1
0.332530975342	UDP	246	274	2	2
12.1215150356	UDP	816	576	1	2
40.3397600651	ICMP	709	709	1	1
0.520936012268	UDP	118	146	2	2
74.7887048721	TCP	1289	40	1	1
3.29289722443	TCP	668	40	1	1
46.4127810001	TCP	1084	40	1	1
36.0503928661	TCP	236	40	1	1
6.06636309624	TCP	1206	40	1	1
30.533313036	ICMP	222	222	1	1
48.6719481945	ICMP	709	709	1	1
1.7876970768	TCP	1155	40	2	2
2.87044906616	TCP	124	40	1	1
73.5232758522	TCP	554	40	1	1
1.75764489174	TCP	1037	40	2	2
15.0374009609	UDP	568	576	1	1
2.6018679142	TCP	246	40	1	1
1.78113818169	ICMP	183	183	2	2
6.84772706032	UDP	543	571	1	1
0.308701992035	TCP	947	40	2	2
3.01886200905	TCP	72	40	1	1
2.53136205673	TCP	419	40	1	1
36.0889790058	TCP	1019	40	1	1
2.51545381546	TCP	1302	40	1	1
17.7349159718	TCP	125	40	1	1
60.6852381229	UDP	1012	576	1	1
12.4662759304	UDP	202	230	1	1
15.9403750896	TCP	1325	40	1	2
2.00162816048	TCP	1132	40	1	2
75.5698618889	TCP	844	40	1	1
6.59273505211	TCP	1292	40	1	1
43.6981999874	TCP	634	40	1	1
17.3691711426	TCP	690	40	1	2
2.43125391006	UDP	520	548	1	1
8.19174599648	TCP	1232	40	1	1
8.50997900963	ICMP	724	724	1	1
36.5075030327	TCP	917	40	1	2
53.1904370785	ICMP	660	660	1	1
2.66931796074	TCP	310	40	1	2
15.4257769585	TCP	1076	40	1	2
30.6305100918	TCP	499	40	1	1
0.508430957794	TCP	64	40	2	3
6.40070796013	TCP	208	40	1	1
5.25946092606	TCP	703	40	1	2
17.1852447987	TCP	719	40	1	2
10.8080170155	UDP	848	576	1	1
51.8140981197	UDP	550	576	1	1
35.2583110332	TCP	633	40	1	1
14.8444299698	TCP	1290	40	1	1
2.45786190033	ICMP	720	720	1	1
13.950327158	ICMP	365	365	1	1
15.8313660622	TCP	754	40	1	1
18.3514490128	ICMP	113	113	1	1
73.7419819832	UDP	971	576	1	1
39.0398879051	UDP	222	250	1	1
50.1272699833	TCP	155	40	1	1
30.2007029057	TCP	320	40	1	1
1.33339309692	TCP	79	40	2	2
40.8326950073	TCP	137	40	1	1
5.53447890282	TCP	134	40	1	1
75.765912056	ICMP	437	437	1	1
49.1357340813	ICMP	228	228	1	1
5.24020791054	TCP	962	40	1	1
27.8197340965	TCP	898	40	1	1
34.4760980606	ICMP	427	427	1	1
2.91711211205	ICMP	713	713	1	1
0.647222042084	UDP	164	192	2	2
38.1606349945	ICMP	235	235	1	1
5.27338385582	UDP	684	576	1	2
0.959162950516	ICMP	334	334	2	2
3.76003694534	UDP	582	576	1	1
48.5424699783	TCP	1130	40	1	2
21.7363061905	UDP	812	576	1	1
76.8232030869	UDP	583	576	1	1
6.91328692436	ICMP	610	610	1	1
6.33349704742	UDP	657	576	1	1
2.88540792465	UDP	990	576	1	1
32.137706995	ICMP	699	699	1	1
9.09198403358	ICMP	130	130	1	2
39.3740708828	ICMP	428	428	1	1
1.77297592163	TCP	729	40	2	4
68.4133429527	UDP	570	576	1	1
0.470686912537	TCP	1007	40	2	2
0.748050928116	ICMP	238	238	2	2
1.38424301147	ICMP	163	163	2	3
5.29602193832	ICMP	344	344	1	1
10.9823169708	TCP	406	40	1	1
0.412528991699	ICMP	696	696	2	2
61.2567520142	TCP	966	40	1	1
45.1623740196	TCP	90	40	1	2
75.4413149357	TCP	600	40	1	1
5.39883899689	TCP	892	40	1	1
3.00120615959	TCP	1060	40	1	1
61.3618841171	UDP	291	319	1	1
3.33040213585	TCP	736	40	1	2
2.33768987656	TCP	323	40	1	1
18.1834561825	TCP	1096	40	1	1
61.96616292	ICMP	672	672	1	2
67.4721670151	UDP	535	563	1	1
1.37685108185	ICMP	177	177	2	2
35.3521780968	UDP	703	576	1	1
41.4409098625	UDP	252	280	1	1
24.1186830997	UDP	820	576	1	1
3.85776615143	ICMP	168	168	1	1
4.61152100563	TCP	1290	40	1	1
18.0583519936	UDP	765	576	1	2
51.109181881	UDP	828	576	1	1
2.21931409836	TCP	1219	40	1	1
15.8294229507	TCP	829	40	1	1
35.0621399879	TCP	625	40	1	3
6.47682309151	UDP	540	568	1	2
20.1139340401	TCP	565	40	1	1
1.70485520363	TCP	1259	40	2	2
0.477958917618	ICMP	379	379	2	2
25.9948370457	TCP	837	40	1	2
73.3825500011	ICMP	123	123	1	2
18.0223181248	TCP	809	40	1	2
36.9488120079	TCP	346	40	1	1
5.90048408508	ICMP	254	254	1	1
1.27634906769	ICMP	389	389	2	3
5.19599413872	TCP	884	40	1	1
40.0662219524	ICMP	369	369	1	2
36.2968790531	UDP	720	576	1	1
8.35980582237	TCP	754	40	1	1
63.3794059753	TCP	1199	40	1	1
5.98553204536	TCP	527	40	1	1
75.1470658779	ICMP	347	347	1	1
14.7437129021	ICMP	173	173	1	1
6.57369613647	UDP	61	89	1	2
22.0918807983	ICMP	542	542	1	2
8.33002281189	TCP	1232	40	1	1
9.89033389091	TCP	1218	40	1	1
61.839001894	ICMP	143	143	1	1
16.6722350121	ICMP	395	395	1	1
63.1548769474	ICMP	60	60	1	1
41.7979109287	TCP	818	40	1	1
75.3186531067	ICMP	514	514	1	1
9.46030402184	TCP	709	40	1	2
4.01633119583	ICMP	361	361	1	2
1.89417409897	ICMP	182	182	2	2
20.8193099499	TCP	233	40	1	1
28.8479988575	TCP	152	40	1	1
14.8775599003	TCP	708	40	1	1
2.57088804245	UDP	114	142	1	1
46.110574007	TCP	417	40	1	1
1.49015593529	TCP	1219	40	2	2
23.548612833	UDP	548	576	1	1
2.72921180725	ICMP	286	286	1	2
9.7298169136	TCP	1114	40	1	1
15.8915901184	ICMP	64	64	1	1
16.7435719967	ICMP	198	198	1	1
49.5210390091	TCP	1173	40	1	1
10.1486651897	TCP	1153	40	1	1
29.9172918797	TCP	295	40	1	2
36.6839671135	UDP	150	178	1	2
0.400228023529	ICMP	81	81	2	2
1.50660300255	ICMP	140	140	2	2
1.08150196075	TCP	618	40	2	2
8.0589261055	ICMP	710	710	1	1
45.6226220131	TCP	662	40	1	1
42.6216220856	UDP	808	576	1	1
9.20572495461	ICMP	708	708	1	1
2.76724815369	TCP	208	40	1	1
5.23536515236	UDP	381	409	1	1
49.1064329147	ICMP	717	717	1	1
61.6858179569	TCP	191	40	1	1
46.4681739807	TCP	350	40	1	1
1.25819301605	ICMP	320	320	2	2
73.916834116	UDP	126	154	1	2
28.2227571011	ICMP	149	149	1	1
44.7300648689	ICMP	375	375	1	2
1.8581199646	TCP	742	40	2	2
3.60500788689	ICMP	412	412	1	1
22.5211529732	UDP	892	576	1	1
45.5656118393	TCP	356	40	1	1
11.1765961647	UDP	708	576	1	1
48.481618166	ICMP	301	301	1	1
3.58534097672	ICMP	605	605	1	1
18.9416668415	ICMP	154	154	1	1
16.8125481606	UDP	281	309	1	1
75.0284907818	TCP	976	40	1	2
28.3458499908	TCP	64	40	1	1
55.3090689182	TCP	427	40	1	1
29.1545200348	TCP	1328	40	1	1
66.5681259632	ICMP	454	454	1	1
74.4868850708	ICMP	438	438	1	3
22.2886350155	TCP	236	40	1	1
15.9479119778	ICMP	481	481	1	1
2.16954493523	TCP	968	40	1	1
41.0397648811	TCP	801	40	1	2
73.9194560051	ICMP	404	404	1	1
41.3140330315	TCP	409	40	1	1
7.90438103676	TCP	1201	40	1	2
2.29778385162	TCP	1006	40	1	1
0.98760008812	TCP	281	40	2	2
28.3899559975	ICMP	68	68	1	1
0.765006780624	TCP	615	40	2	2
19.3026299477	UDP	536	564	1	2
0.453294992447	TCP	414	40	2	2
39.0801329613	ICMP	694	694	1	1
31.4687550068	TCP	532	40	1	1
43.4407448769	UDP	180	208	1	1
2.49014496803	ICMP	503	503	1	2
73.7008340359	ICMP	126	126	1	1
41.764922142	TCP	129	40	1	1
11.3402478695	UDP	138	166	1	1
15.8077619076	UDP	268	296	1	1
17.0129790306	ICMP	340	340	1	2
1.86166596413	UDP	419	447	2	2
60.9443869591	UDP	335	363	1	1
31.3111732006	TCP	1052	40	1	1
7.63335800171	ICMP	542	542	1	1
36.6579949856	ICMP	264	264	1	1
15.8594441414	ICMP	165	165	1	2
73.5045049191	TCP	299	40	1	2
54.7134959698	ICMP	382	382	1	1
7.79342198372	TCP	893	40	1	1
46.2427260876	TCP	456	40	1	1
1.44003105164	UDP	735	576	2	2
15.5837869644	TCP	665	40	1	1
42.342633009	ICMP	263	263	1	1
28.0295610428	TCP	635	40	1	1
21.7729990482	ICMP	160	160	1	1
38.9347100258	TCP	1307	40	1	1
12.0919148922	UDP	874	576	1	1
2.05226206779	TCP	688	40	1	1
8.98248791695	TCP	1156	40	1	1
37.2934792042	TCP	344	40	1	1
68.6605010033	UDP	994	576	1	1
59.2653160095	TCP	57	40	1	2
38.4149570465	TCP	51	40	1	1
2.69996905327	TCP	420	40	1	1
5.22397994995	TCP	992	40	1	1
23.7961330414	ICMP	255	255	1	1
74.845304966	TCP	769	40	1	1
1.62975597382	TCP	354	40	2	3
3.24003100395	ICMP	37	37	1	1
2.28807711601	UDP	486	514	1	1
72.8043930531	UDP	191	219	1	3
7.41556692123	TCP	249	40	1	1
15.8503530025	ICMP	226	226	1	2
12.0721981525	ICMP	617	617	1	2
1.55035495758	UDP	687	576	2	2
6.60041999817	TCP	590	40	1	1
0.487385034561	TCP	1205	40	2	2
0.306553125381	ICMP	575	575	2	2
2.70339107513	ICMP	446	446	1	1
5.53058290482	UDP	532	560	1	1
2.36125302315	TCP	790	40	1	1
8.15421915054	TCP	1087	40	1	1
47.5699651241	UDP	656	576	1	1
24.0645768642	ICMP	196	196	1	1
1.94853210449	TCP	622	40	2	2
5.61138701439	UDP	287	315	1	1
17.0908679962	TCP	264	40	1	2
8.26955986023	UDP	200	228	1	1
6.07931494713	TCP	709	40	1	1
41.6437320709	TCP	1212	40	1	1
40.0009131432	ICMP	529	529	1	1
25.9933218956	UDP	808	576	1	2
2.82041120529	TCP	430	40	1	1
17.07259202	TCP	933	40	1	1
72.2019469738	ICMP	452	452	1	2
13.0410649776	TCP	463	40	1	1
6.24385881424	ICMP	620	620	1	1
5.87094402313	UDP	817	576	1	1
14.9576818943	TCP	1278	40	1	1
35.813945055	ICMP	296	296	1	1
2.58709001541	TCP	393	40	1	1
11.9917669296	UDP	780	576	1	1
42.2070171833	TCP	855	40	1	1
8.67035794258	TCP	864	40	1	1
26.2983510494	ICMP	94	94	1	1
21.1535701752	UDP	590	576	1	1
34.3816380501	TCP	477	40	1	2
24.157325983	UDP	187	215	1	1
16.0841929913	TCP	164	40	1	1
40.6541399956	TCP	1166	40	1	1
72.8218989372	ICMP	690	690	1	2
44.2076859474	UDP	532	560	1	1
66.678360939	UDP	841	576	1	1
49.159487009	ICMP	401	401	1	3
3.56569600105	UDP	931	576	1	1
74.2050540447	ICMP	56	56	1	1
3.26943802834	TCP	715	40	1	1
73.9456830025	ICMP	188	188	1	2
5.20182609558	TCP	582	40	1	3
38.9436709881	ICMP	689	689	1	1
2.52180504799	TCP	452	40	1	1
59.6461150646	TCP	1306	40	1	1
37.6993300915	ICMP	193	193	1	1
66.9589931965	TCP	846	40	1	1
35.2578928471	TCP	1136	40	1	1
16.4102020264	UDP	745	576	1	1
13.2209060192	TCP	388	40	1	2
3.90058398247	ICMP	47	47	1	2
27.0819330215	ICMP	265	265	1	1
21.4759860039	ICMP	453	453	1	2
36.4101109505	ICMP	124	124	1	1
43.9760138988	ICMP	115	115	1	1
19.8932340145	TCP	858	40	1	1
48.0498540401	ICMP	319	319	1	1
0.964634895325	TCP	933	40	2	2
16.0793039799	TCP	1158	40	1	1
73.9110651016	UDP	259	287	1	1
8.74691987038	TCP	823	40	1	1
54.579834938	TCP	959	40	1	1
4.37621593475	TCP	1033	40	1	1
3.55771422386	TCP	250	40	1	1
73.5532729626	ICMP	164	164	1	2
34.7616319656	TCP	394	40	1	1
44.1645240784	TCP	1064	40	1	1
9.48200201988	TCP	617	40	1	1
13.3478348255	TCP	340	40	1	2
31.6243360043	ICMP	154	154	1	1
16.1741158962	TCP	500	40	1	1
23.4760529995	UDP	991	576	1	2
35.3290221691	ICMP	627	627	1	1
4.54392695427	UDP	154	182	1	1
64.6480879784	TCP	1112	40	1	1
0.336267948151	TCP	191	40	2	2
29.2490410805	UDP	890	576	1	2
48.8626840115	TCP	302	40	1	1
3.4855389595	ICMP	45	45	1	1
38.1352798939	TCP	1010	40	1	1
7.86897587776	TCP	499	40	1	1
61.6281728745	UDP	720	576	1	1
41.2151558399	TCP	1290	40	1	1
1.8223118782	TCP	327	40	2	2
12.8105540276	TCP	750	40	1	1
0.585726976395	ICMP	49	49	2	2
40.8427820206	TCP	1048	40	1	2
65.9233319759	UDP	369	397	1	2
62.538944006	UDP	46	74	1	1
4.16446590424	ICMP	570	570	1	2
73.8284850121	ICMP	290	290	1	1
54.1993219852	ICMP	206	206	1	3
18.3477239609	ICMP	167	167	1	1
8.39988303185	TCP	335	40	1	1
15.0187630653	UDP	521	549	1	1
2.42337083817	UDP	284	312	1	1
6.44969701767	TCP	1298	40	1	1
27.7106940746	TCP	547	40	1	1
62.756278038	UDP	828	576	1	1
6.18661999702	TCP	1175	40	1	3
32.4421601295	TCP	640	40	1	1
41.5589380264	UDP	211	239	1	1
17.629076004	TCP	1066	40	1	2
74.1967139244	UDP	617	576	1	2
1.66680288315	TCP	882	40	2	4
38.4534730911	TCP	388	40	1	1
75.0294289589	TCP	848	40	1	1
8.77833819389	ICMP	427	427	1	1
42.3021030426	ICMP	560	560	1	1
2.41439700127	ICMP	666	666	1	1
42.8500030041	UDP	707	576	1	1
0.930279970169	UDP	201	229	2	2
39.2700061798	ICMP	709	709	1	1
75.7845890522	TCP	400	40	1	1
36.3242599964	UDP	507	535	1	2
35.8065590858	ICMP	597	597	1	1
39.397589922	ICMP	371	371	1	1
1.61060881615	UDP	609	576	2	2
26.8274450302	TCP	558	40	1	1
18.4924230576	TCP	462	40	1	3
6.76109910011	UDP	906	576	1	2
40.1303911209	UDP	1021	576	1	1
18.930339098	TCP	1066	40	1	1
16.9042139053	ICMP	509	509	1	2
27.9893569946	ICMP	373	373	1	1
74.694535017	TCP	1019	40	1	1
35.6839721203	TCP	1270	40	1	1
3.15775108337	UDP	809	576	1	1
74.0291321278	TCP	260	40	1	1
35.2832238674	TCP	869	40	1	1
36.5895519257	ICMP	714	714	1	1
46.4522747993	UDP	474	502	1	1
74.8606450558	ICMP	372	372	1	1
67.7107930183	ICMP	222	222	1	1
45.3935439587	ICMP	138	138	1	1
47.7303390503	TCP	565	40	1	1
17.7704641819	UDP	175	203	1	1
1.89469194412	UDP	597	576	2	2
5.97915291786	ICMP	155	155	1	1
3.37263298035	TCP	919	40	1	1
73.9610309601	TCP	1124	40	1	1
19.6834101677	TCP	395	40	1	2
11.6799499989	TCP	172	40	1	1
4.91145205498	TCP	1161	40	1	1
3.65129303932	ICMP	254	254	1	1
10.9901330471	ICMP	406	406	1	1
1.77964305878	TCP	1219	40	2	4
45.2401900291	TCP	81	40	1	1
47.2931940556	ICMP	531	531	1	1
6.5176410675	UDP	869	576	1	1
5.98598885536	ICMP	39	39	1	1
42.0628609657	ICMP	94	94	1	2
3.70975708961	ICMP	155	155	1	1
2.14602684975	ICMP	358	358	1	1
39.910556078	UDP	331	359	1	1
0.677492856979	TCP	111	40	2	2
3.48037004471	ICMP	715	715	1	1
14.3520460129	ICMP	341	341	1	1
72.8973679543	UDP	108	136	1	1
6.68043112755	UDP	293	321	1	1
32.2292392254	ICMP	314	314	1	1
46.4029359818	TCP	1106	40	1	3
20.2093741894	UDP	732	576	1	1
9.72871613503	ICMP	659	659	1	1
25.0130820274	TCP	896	40	1	1
74.4275598526	ICMP	65	65	1	2
13.0083510876	ICMP	314	314	1	2
2.54362106323	TCP	867	40	1	2
76.5790519714	ICMP	221	221	1	2
69.0012359619	ICMP	103	103	1	2
40.6699428558	TCP	943	40	1	1
32.4259941578	TCP	805	40	1	1
12.417675972	TCP	1305	40	1	1
12.0248639584	UDP	501	529	1	3
46.5005609989	TCP	1337	40	1	1
49.6302399635	TCP	1091	40	1	1
5.29472303391	TCP	485	40	1	1
6.04939508438	ICMP	677	677	1	4
2.43590903282	UDP	259	287	1	1
15.899889946	ICMP	504	504	1	1
15.7213599682	ICMP	581	581	1	1
30.7147269249	TCP	1321	40	1	1
3.59407019615	UDP	953	576	1	1
22.0874190331	ICMP	191	191	1	1
2.24976491928	ICMP	176	176	1	1
12.1133430004	TCP	769	40	1	1
11.2749211788	TCP	1262	40	1	1
41.732806921	TCP	95	40	1	1
51.2602500916	UDP	347	375	1	1
2.87874102592	ICMP	387	387	1	1
25.8980369568	TCP	1302	40	1	1
48.0283169746	TCP	935	40	1	1
13.9913802147	ICMP	696	696	1	2
41.4400382042	TCP	42	40	1	2
18.4501979351	TCP	317	40	1	1
57.0880529881	ICMP	199	199	1	1
51.3037819862	ICMP	574	574	1	1
36.7990188599	TCP	859	40	1	1
2.09566998482	TCP	1204	40	1	1
68.2774341106	TCP	1111	40	1	1
38.5803449154	ICMP	528	528	1	1
5.45803499222	TCP	392	40	1	1
0.546480178833	TCP	627	40	2	2
21.7251880169	UDP	32	60	1	1
33.8902029991	TCP	1318	40	1	1
35.9981439114	TCP	149	40	1	1
5.38617396355	TCP	664	40	1	1
2.81465101242	TCP	1124	40	1	1
22.1595799923	TCP	209	40	1	1
13.8025741577	UDP	804	576	1	1
23.0960719585	ICMP	649	649	1	1
6.43606710434	TCP	558	40	1	2
1.24900197983	TCP	744	40	2	2
69.2653419971	TCP	1188	40	1	1
35.2098701	TCP	610	40	1	1
12.9610049725	ICMP	237	237	1	2
0.446671962738	UDP	827	576	2	2
40.5917191505	TCP	398	40	1	2
38.8174769878	TCP	1144	40	1	2
36.387912035	ICMP	569	569	1	1
27.4921810627	TCP	549	40	1	1
20.1448907852	ICMP	286	286	1	2
16.6991689205	ICMP	224	224	1	1
43.0104970932	ICMP	52	52	1	1
6.53304505348	ICMP	255	255	1	1
27.7530050278	TCP	808	40	1	1
19.5910720825	TCP	429	40	1	1
14.4692299366	TCP	597	40	1	1
9.7895128727	TCP	631	40	1	1
9.31103205681	TCP	557	40	1	1
11.6693170071	ICMP	400	400	1	1
4.51926708221	TCP	649	40	1	2
41.1763591766	TCP	434	40	1	1
1.80153894424	TCP	1011	40	2	2
2.20413303375	TCP	193	40	1	1
3.32313394547	TCP	1231	40	1	1
42.2377548218	UDP	986	576	1	1
40.3117990494	TCP	833	40	1	1
5.86096787453	ICMP	665	665	1	1
44.4574069977	ICMP	566	566	1	1
3.51589918137	TCP	957	40	1	1
19.5137460232	UDP	971	576	1	1
2.91998696327	TCP	479	40	1	2
3.48123002052	TCP	515	40	1	2
24.2298281193	TCP	144	40	1	1
45.2272720337	ICMP	329	329	1	1
16.0235240459	ICMP	271	271	1	1
16.3052070141	UDP	494	522	1	1
5.18483686447	TCP	1249	40	1	1
42.9196848869	TCP	271	40	1	2
10.9816479683	TCP	226	40	1	1
19.8780179024	ICMP	459	459	1	1
74.7664330006	UDP	293	321	1	1
43.8373370171	TCP	384	40	1	1
44.8763730526	UDP	204	232	1	1
0.947969913483	UDP	114	142	2	3
21.889384985	TCP	556	40	1	1
32.3036959171	ICMP	136	136	1	2
75.8147070408	TCP	568	40	1	1
17.3414218426	UDP	1016	576	1	1
2.45304298401	TCP	730	40	1	1
54.2703139782	TCP	524	40	1	1
1.48518109322	ICMP	258	258	2	2
0.303967952728	TCP	229	40	2	2
37.8007910252	TCP	362	40	1	1
10.7515120506	ICMP	388	388	1	2
44.3409519196	ICMP	338	338	1	1
35.3273029327	ICMP	605	605	1	2
26.4208118916	TCP	632	40	1	1
21.5199959278	TCP	266	40	1	1
3.17380404472	TCP	634	40	1	1
6.62611508369	TCP	790	40	1	1
0.393845081329	UDP	226	254	2	2
0.314058065414	UDP	272	300	2	2
24.6400051117	ICMP	479	479	1	1
75.3604478836	ICMP	392	392	1	1
27.6092231274	TCP	415	40	1	1
40.5582017899	ICMP	708	708	1	1
46.0127341747	ICMP	337	337	1	1
24.9377920628	TCP	989	40	1	1
10.0830790997	TCP	753	40	1	1
77.4592540264	ICMP	366	366	1	1
20.9777162075	UDP	674	576	1	1
10.5919349194	TCP	1106	40	1	1
1.81766986847	TCP	599	40	2	2
22.3376500607	UDP	29	57	1	1
9.88268613815	UDP	715	576	1	1
13.6132349968	UDP	994	576	1	1
33.8684840202	TCP	1124	40	1	1
10.6838209629	ICMP	519	519	1	1
37.9073729515	TCP	431	40	1	1
62.2999088764	ICMP	693	693	1	2
1.80752706528	UDP	99	127	2	3
2.07984805107	ICMP	266	266	1	1
7.03581213951	UDP	973	576	1	1
1.37969183922	ICMP	455	455	2	4
40.2638850212	UDP	437	465	1	1
4.74816703796	TCP	513	40	1	1
40.3601539135	TCP	298	40	1	1
5.84862709045	TCP	1145	40	1	2
76.8417329788	ICMP	181	181	1	1
77.0987329483	TCP	529	40	1	3
34.739346981	ICMP	46	46	1	1
62.9262609482	ICMP	116	116	1	2
16.0032229424	UDP	586	576	1	1
2.86767411232	TCP	584	40	1	1
69.267594099	TCP	918	40	1	1
0.751451015472	ICMP	40	40	2	2
36.7340428829	TCP	179	40	1	1
3.07901501656	ICMP	196	196	1	1
13.0503778458	TCP	220	40	1	1
22.1621081829	UDP	440	468	1	1
0.299925088882	UDP	372	400	2	2
73.9782040119	UDP	201	229	1	1
29.2315969467	UDP	363	391	1	1
33.7653260231	TCP	1200	40	1	4
41.93450284	ICMP	377	377	1	1
73.7796568871	UDP	646	576	1	2
28.0749390125	ICMP	99	99	1	1
55.5206880569	TCP	825	40	1	1
5.34331989288	ICMP	246	246	1	1
3.84568285942	TCP	55	40	1	1
4.94866013527	UDP	881	576	1	1
34.780230999	TCP	181	40	1	1
29.9881460667	TCP	421	40	1	2
15.2639300823	UDP	172	200	1	1
15.8591730595	ICMP	567	567	1	2
11.4873321056	UDP	757	576	1	1
3.6893620491	TCP	549	40	1	1
24.950469017	TCP	278	40	1	1
40.2398378849	TCP	1216	40	1	1
24.4480979443	TCP	446	40	1	1
5.51149487495	TCP	131	40	1	2
0.565292835236	TCP	63	40	2	2
2.57486104965	TCP	300	40	1	2
3.97896194458	ICMP	436	436	1	1
0.824292898178	TCP	1006	40	2	2
1.58532810211	TCP	228	40	2	2
40.0755639076	TCP	1246	40	1	1
7.47317385674	TCP	1167	40	1	1
3.26039290428	TCP	596	40	1	1
42.4358828068	UDP	261	289	1	1
72.8989598751	ICMP	410	410	1	1
13.7503540516	TCP	163	40	1	1
34.1846671104	TCP	314	40	1	2
36.738669157	TCP	374	40	1	1
37.6944329739	ICMP	113	113	1	1
8.57990884781	TCP	1050	40	1	1
3.84449100494	ICMP	513	513	1	2
45.6506009102	ICMP	189	189	1	1
40.834731102	TCP	594	40	1	1
35.0886161327	ICMP	373	373	1	1
61.2609870434	TCP	906	40	1	1
0.329427957535	TCP	479	40	2	2
74.2288229465	TCP	406	40	1	1
20.1027269363	ICMP	725	725	1	1
34.0079789162	TCP	113	40	1	1
30.6695511341	TCP	452	40	1	1
1.36072802544	ICMP	166	166	2	2
30.5931451321	UDP	179	207	1	1
2.33898091316	TCP	114	40	1	1
49.4940779209	TCP	482	40	1	1
2.39084601402	TCP	228	40	1	1
8.42993092537	TCP	545	40	1	2
1.72749495506	TCP	676	40	2	2
67.2378258705	TCP	1188	40	1	1
64.4538490772	ICMP	473	473	1	1
43.4710271358	ICMP	269	269	1	2
0.634968042374	UDP	568	576	2	2
2.7906870842	TCP	295	40	1	1
14.5590651035	TCP	891	40	1	1
2.80072999001	UDP	409	437	1	1
18.5148561001	UDP	306	334	1	1
62.9104988575	TCP	577	40	1	1
48.3909430504	TCP	724	40	1	2
37.151747942	ICMP	91	91	1	1
3.70691990852	ICMP	248	248	1	1
27.0383651257	UDP	1012	576	1	1
33.3549749851	TCP	750	40	1	2
6.26224303246	TCP	142	40	1	1
13.5031118393	TCP	520	40	1	3
2.99570393562	TCP	680	40	1	1
24.7506151199	UDP	862	576	1	1
27.7459719181	UDP	670	576	1	1
73.4403619766	TCP	780	40	1	2
15.8501210213	ICMP	298	298	1	3
3.4037399292	ICMP	231	231	1	1
51.5799958706	TCP	921	40	1	1
47.0231280327	ICMP	703	703	1	1
6.71204805374	TCP	74	40	1	1
32.8950440884	UDP	509	537	1	1
7.17978310585	TCP	640	40	1	1
5.45129799843	ICMP	410	410	1	2
6.05743288994	ICMP	181	181	1	1
38.4114980698	ICMP	70	70	1	1
34.5085201263	ICMP	377	377	1	1
3.6441719532	TCP	1212	40	1	1
8.25164294243	TCP	628	40	1	1
54.5180997849	TCP	491	40	1	1
39.4504039288	TCP	1138	40	1	1
23.3007628918	TCP	636	40	1	1
13.3748369217	ICMP	182	182	1	1
18.5200550556	ICMP	163	163	1	1
74.076390028	ICMP	340	340	1	1
1.7182290554	TCP	1254	40	2	2
6.958329916	ICMP	646	646	1	1
49.0526349545	ICMP	387	387	1	1
73.717774868	UDP	419	447	1	1
1.78623795509	UDP	781	576	2	2
3.36981797218	ICMP	573	573	1	1
73.7750871181	UDP	634	576	1	5
8.02441716194	TCP	617	40	1	1
67.6787991524	TCP	153	40	1	1
52.4730639458	UDP	665	576	1	1
35.1777558327	TCP	577	40	1	1
7.37315511703	UDP	67	95	1	1
10.2278058529	TCP	603	40	1	1
65.8693900108	ICMP	36	36	1	1
39.7240660191	TCP	170	40	1	1
47.2921140194	TCP	1296	40	1	1
11.4603140354	TCP	1114	40	1	1
13.8186531067	TCP	1048	40	1	1
28.4794149399	TCP	687	40	1	1
6.80613708496	TCP	581	40	1	1
5.26072788239	ICMP	503	503	1	1
23.8982589245	ICMP	394	394	1	1
8.74811816216	TCP	1227	40	1	1
46.3103768826	TCP	573	40	1	1
44.3929228783	TCP	510	40	1	2
4.2067759037	UDP	107	135	1	1
3.21272110939	ICMP	220	220	1	1
38.5836291313	TCP	712	40	1	1
16.6199030876	TCP	522	40	1	1
0.390249967575	TCP	100	40	2	2
29.9599080086	ICMP	301	301	1	1
10.3547151089	TCP	932	40	1	1
1.41583919525	TCP	928	40	2	2
35.1615440845	TCP	1095	40	1	1
39.7040579319	ICMP	527	527	1	2
42.1206660271	TCP	978	40	1	1
53.9593257904	TCP	259	40	1	1
8.25698184967	TCP	619	40	1	1
2.21098899841	ICMP	430	430	1	1
41.4719219208	TCP	798	40	1	2
74.4087080956	ICMP	429	429	1	1
53.2380309105	TCP	504	40	1	1
2.86163377762	TCP	573	40	1	1
21.4595398903	UDP	520	548	1	2
10.092484951	UDP	223	251	1	1
3.0294778347	TCP	152	40	1	1
35.5110218525	UDP	494	522	1	1
42.1144220829	ICMP	435	435	1	1
58.7501778603	ICMP	404	404	1	1
74.3658850193	TCP	742	40	1	1
3.76946997643	TCP	1208	40	1	1
13.7055640221	TCP	292	40	1	1
5.76990509033	TCP	540	40	1	1
39.0010509491	ICMP	410	410	1	1
47.4404969215	UDP	689	576	1	1
27.8810482025	TCP	902	40	1	1
13.2786519527	ICMP	302	302	1	1
8.52168488503	TCP	927	40	1	1
1.89773488045	UDP	208	236	2	2
42.8015449047	TCP	397	40	1	1
2.93949484825	TCP	67	40	1	1
57.6016290188	TCP	239	40	1	1
25.739508152	ICMP	448	448	1	1
35.1378941536	TCP	1145	40	1	2
1.4694340229	TCP	859	40	2	2
40.5654239655	TCP	140	40	1	1
35.7995810509	UDP	782	576	1	1
1.4058599472	UDP	864	576	2	4
47.3500161171	ICMP	291	291	1	1
5.96991801262	TCP	342	40	1	2
1.80010509491	ICMP	529	529	2	2
25.7605481148	TCP	329	40	1	1
3.4548099041	TCP	1272	40	1	1
1.78558492661	TCP	1251	40	2	2
10.1537389755	ICMP	289	289	1	1
6.6586329937	TCP	1239	40	1	1
9.241284132	ICMP	349	349	1	1
3.49121880531	TCP	58	40	1	1
14.5412249565	ICMP	222	222	1	2
2.93818616867	TCP	273	40	1	2
61.6619980335	TCP	403	40	1	1
75.5289428234	TCP	466	40	1	1
27.5324039459	ICMP	184	184	1	2
2.22972893715	ICMP	329	329	1	1
34.2473800182	ICMP	228	228	1	1
2.37123394012	UDP	28	56	1	1
25.790941	UDP	516	544	1	1
2.61139011383	TCP	743	40	1	1
6.6150970459	TCP	846	40	1	1
55.6147098541	TCP	1244	40	1	1
6.76487898827	TCP	1179	40	1	1
4.09579801559	ICMP	688	688	1	2
36.2312200069	ICMP	269	269	1	1
28.4885780811	TCP	943	40	1	1
6.72321391106	TCP	215	40	1	2
69.3628270626	TCP	386	40	1	1
2.66210508347	TCP	463	40	1	2
1.9675590992	TCP	561	40	2	3
44.5705728531	ICMP	208	208	1	1
36.3936860561	ICMP	110	110	1	1
44.3666000366	ICMP	59	59	1	2
33.5294299126	TCP	1184	40	1	1
0.327454805374	ICMP	495	495	2	2
66.3212988377	TCP	835	40	1	2
1.8498210907	UDP	295	323	2	3
1.53800106049	UDP	409	437	2	2
32.099601984	TCP	526	40	1	1
1.33734679222	TCP	183	40	2	2
11.91492486	UDP	695	576	1	1
15.9537978172	ICMP	436	436	1	1
40.8850200176	TCP	248	40	1	1
21.4714500904	ICMP	491	491	1	1
54.4579219818	UDP	47	75	1	1
40.9502489567	ICMP	511	511	1	1
39.6912479401	ICMP	309	309	1	2
29.5858790874	TCP	635	40	1	1
37.3223669529	TCP	1214	40	1	1
45.6793150902	ICMP	335	335	1	1
47.8769500256	TCP	632	40	1	1
26.3728690147	TCP	372	40	1	1
39.6405160427	ICMP	629	629	1	2
9.12020802498	TCP	1071	40	1	1
45.7523121834	ICMP	56	56	1	1
2.98571205139	TCP	1248	40	1	2
15.4644479752	TCP	352	40	1	2
2.94403910637	UDP	352	380	1	1
73.7947158813	UDP	384	412	1	1
40.6434030533	UDP	453	481	1	1
44.5324928761	UDP	81	109	1	1
38.9736158848	UDP	265	293	1	1
73.8420119286	ICMP	234	234	1	1
8.20056986809	UDP	223	251	1	1
3.61668801308	UDP	286	314	1	1
27.3553848267	TCP	412	40	1	1
5.9390141964	ICMP	248	248	1	1
3.30007696152	ICMP	658	658	1	1
7.55054807663	UDP	912	576	1	1
24.3988649845	ICMP	96	96	1	1
2.02088689804	UDP	734	576	1	1
75.3241951466	ICMP	129	129	1	2
2.88645792007	TCP	804	40	1	2
44.7829780579	UDP	254	282	1	1
3.48760199547	TCP	570	40	1	1
1.9776070118	TCP	185	40	2	3
5.77816104889	TCP	1328	40	1	1
62.8036570549	ICMP	583	583	1	1
73.630646944	ICMP	564	564	1	1
5.01516389847	TCP	872	40	1	1
5.40767598152	ICMP	682	682	1	1
8.95295405388	ICMP	718	718	1	1
3.13726091385	ICMP	680	680	1	1
43.8292529583	TCP	470	40	1	1
2.43770980835	TCP	66	40	1	1
64.6221120358	ICMP	168	168	1	2
22.419907093	TCP	123	40	1	2
17.8907270432	UDP	791	576	1	1
60.7940809727	TCP	917	40	1	2
15.0465772152	UDP	201	229	1	2
26.4808630943	TCP	1154	40	1	1
40.1401090622	UDP	982	576	1	1
2.7497959137	TCP	269	40	1	1
8.55378508568	TCP	1031	40	1	1
67.3233978748	TCP	1136	40	1	1
29.2054209709	ICMP	640	640	1	1
68.6493270397	UDP	340	368	1	2
73.6281740665	TCP	831	40	1	2
4.26674294472	UDP	716	576	1	1
3.09941196442	UDP	890	576	1	1
16.231151104	UDP	929	576	1	1
5.70448207855	UDP	152	180	1	1
66.2325851917	UDP	522	550	1	2
0.534847021103	UDP	890	576	2	2
1.38908290863	ICMP	577	577	2	3
62.1206212044	UDP	79	107	1	1
31.9490358829	UDP	773	576	1	1
29.6869771481	UDP	77	105	1	1
5.23274278641	TCP	745	40	1	2
31.0763950348	TCP	196	40	1	1
67.0701608658	TCP	362	40	1	1
9.04050683975	ICMP	222	222	1	1
43.3231089115	UDP	371	399	1	1
3.26085019112	TCP	343	40	1	3
6.18584799767	UDP	107	135	1	1
69.3314659595	ICMP	229	229	1	1
30.313794136	TCP	564	40	1	1
32.3976471424	TCP	1215	40	1	2
31.7399828434	ICMP	431	431	1	1
0.5171251297	TCP	566	40	2	2
2.75987911224	TCP	438	40	1	1
1.9363591671	TCP	669	40	2	2
2.00074887276	TCP	1309	40	1	1
43.5072000027	TCP	544	40	1	1
5.84043502808	TCP	755	40	1	1
27.7244291306	ICMP	582	582	1	1
1.31365203857	UDP	832	576	2	2
31.0713400841	ICMP	537	537	1	1
2.42259407043	TCP	181	40	1	1
2.19923090935	TCP	402	40	1	1
1.82524299622	TCP	654	40	2	2
3.3710808754	ICMP	535	535	1	1
15.813491106	TCP	987	40	1	1
2.33004903793	TCP	728	40	1	1
48.92999506	TCP	202	40	1	1
35.5284211636	ICMP	329	329	1	1
9.71629405022	UDP	373	401	1	2
12.6391749382	ICMP	317	317	1	1
25.2311170101	ICMP	88	88	1	1
74.8082449436	ICMP	414	414	1	1
2.52100515366	ICMP	215	215	1	1
3.1497900486	ICMP	124	124	1	1
72.8686900139	ICMP	80	80	1	1
32.6133368015	UDP	670	576	1	2
17.789798975	TCP	690	40	1	2
50.9158241749	UDP	783	576	1	1
7.20867109299	TCP	789	40	1	1
34.4400229454	UDP	183	211	1	1
44.7056138515	ICMP	623	623	1	1
5.46922206879	TCP	824	40	1	1
28.721159935	ICMP	161	161	1	1
0.303761005402	ICMP	285	285	2	2
63.87520504	ICMP	481	481	1	1
52.8604030609	TCP	513	40	1	1
3.71540307999	TCP	243	40	1	1
38.6865408421	UDP	1006	576	1	1
1.17037796974	ICMP	408	408	2	2
46.6926460266	TCP	389	40	1	1
69.5115301609	TCP	1123	40	1	1
7.50817918777	UDP	814	576	1	1
10.9670460224	TCP	111	40	1	2
58.1899979115	ICMP	160	160	1	3
68.5379340649	TCP	876	40	1	1
73.6968159676	ICMP	216	216	1	1
75.2274370193	ICMP	521	521	1	1
2.08014202118	ICMP	241	241	1	1
24.3897399902	TCP	644	40	1	1
32.346683979	ICMP	125	125	1	1
61.3892199993	TCP	1242	40	1	1
32.5464730263	TCP	1340	40	1	1
70.7409780025	TCP	1330	40	1	1
11.8971560001	TCP	164	40	1	1
47.146821022	UDP	517	545	1	2
54.5786771774	TCP	610	40	1	2
11.0024180412	TCP	317	40	1	1
47.4947021008	ICMP	359	359	1	1
10.2789230347	TCP	576	40	1	1
4.1662478447	ICMP	378	378	1	1
42.4261229038	UDP	332	360	1	2
44.3873648643	ICMP	253	253	1	1
21.7959170341	TCP	1208	40	1	2
36.508877039	UDP	104	132	1	2
50.1297771931	TCP	1113	40	1	1
0.616828918457	ICMP	540	540	2	2
49.4329960346	ICMP	637	637	1	1
26.0850880146	TCP	368	40	1	1
4.42768406868	UDP	759	576	1	2
2.98280501366	ICMP	558	558	1	1
30.2962050438	UDP	486	514	1	1
47.3666629791	TCP	680	40	1	1
7.5398619175	TCP	674	40	1	1
2.46364283562	UDP	446	474	1	1
25.5823359489	TCP	1154	40	1	2
17.7116110325	TCP	59	40	1	1
62.2685880661	TCP	1053	40	1	1
39.0941398144	UDP	563	576	1	1
5.21155595779	TCP	300	40	1	1
11.7197320461	TCP	228	40	1	1
2.82753705978	ICMP	718	718	1	1
41.0117897987	UDP	354	382	1	1
7.36741089821	UDP	837	576	1	1
1.4190890789	ICMP	618	618	2	3
21.3195869923	TCP	1154	40	1	1
64.6901900768	TCP	329	40	1	1
2.28990411758	TCP	1262	40	1	1
1.91965007782	TCP	584	40	2	2
34.0100369453	TCP	189	40	1	3
8.05440807343	TCP	1323	40	1	1
67.2757189274	TCP	1231	40	1	2
0.482789993286	ICMP	461	461	2	2
20.0399301052	UDP	499	527	1	1
2.57159590721	TCP	249	40	1	1
13.1247029305	TCP	825	40	1	1
48.4316868782	ICMP	337	337	1	1
12.9810590744	ICMP	516	516	1	3
1.56059908867	TCP	714	40	2	2
9.22224092484	TCP	816	40	1	1
65.5076541901	UDP	655	576	1	1
61.1046311855	TCP	1135	40	1	1
5.21846318245	UDP	48	76	1	1
75.5832560062	TCP	1145	40	1	2
3.71037387848	ICMP	62	62	1	1
37.5464100838	TCP	714	40	1	1
1.2030479908	TCP	544	40	2	2
2.3921251297	ICMP	264	264	1	1
16.3957800865	ICMP	719	719	1	1
2.24222803116	UDP	184	212	1	1
42.5105109215	ICMP	539	539	1	1
2.43342709541	ICMP	521	521	1	1
24.9238028526	TCP	866	40	1	1
13.8512229919	ICMP	357	357	1	1
3.27395606041	TCP	1106	40	1	1
1.54137802124	TCP	161	40	2	2
23.1127989292	ICMP	304	304	1	1
45.4408800602	TCP	1195	40	1	1
11.0630791187	ICMP	676	676	1	1
9.68117403984	TCP	86	40	1	1
19.1168642044	TCP	995	40	1	2
57.4019589424	UDP	281	309	1	1
3.22209692001	UDP	259	287	1	1
57.0095050335	ICMP	364	364	1	1
0.757004022598	TCP	366	40	2	2
0.925729990005	TCP	730	40	2	2
23.5168988705	TCP	628	40	1	1
43.2028598785	ICMP	117	117	1	3
42.148786068	TCP	1230	40	1	1
2.00690698624	TCP	370	40	1	1
6.42524719238	UDP	995	576	1	1
20.5546751022	UDP	656	576	1	1
46.6477940083	TCP	958	40	1	1
4.50904607773	TCP	426	40	1	1
25.053853035	UDP	1003	576	1	1
7.01653695107	UDP	547	575	1	1
2.58739900589	UDP	399	427	1	1
47.1153872013	TCP	1155	40	1	1
14.4291448593	ICMP	669	669	1	1
14.9044020176	UDP	241	269	1	1
1.40003108978	ICMP	275	275	2	2
3.48163986206	UDP	258	286	1	1
9.75379705429	TCP	351	40	1	1
4.31563997269	TCP	240	40	1	1
30.2983980179	TCP	563	40	1	1
48.5540659428	ICMP	461	461	1	1
41.3691720963	ICMP	605	605	1	1
74.7771348953	TCP	254	40	1	1
22.8202660084	TCP	240	40	1	1
1.95922112465	TCP	1052	40	2	2
40.0285730362	TCP	1308	40	1	1
41.1491131783	UDP	817	576	1	1
45.7003331184	ICMP	372	372	1	1
5.38927102089	ICMP	516	516	1	1
4.30001878738	TCP	488	40	1	2
27.9700858593	ICMP	162	162	1	1
29.4920549393	TCP	1218	40	1	3
7.02306199074	UDP	617	576	1	1
5.13715100288	TCP	309	40	1	1
73.6815280914	ICMP	239	239	1	1
34.9474580288	ICMP	715	715	1	1
2.58519697189	ICMP	477	477	1	1
2.01543998718	UDP	1005	576	1	1
17.4602241516	TCP	50	40	1	2
1.3379099369	TCP	269	40	2	2
26.5909068584	ICMP	486	486	1	1
2.55307102203	TCP	1181	40	1	1
2.33032107353	UDP	277	305	1	1
44.1367971897	TCP	1319	40	1	2
13.5484008789	ICMP	94	94	1	1
32.2509679794	TCP	934	40	1	1
2.80808711052	UDP	444	472	1	1
2.87722706795	UDP	763	576	1	1
65.9878871441	TCP	1014	40	1	2
5.47978520393	ICMP	684	684	1	1
17.5456240177	UDP	847	576	1	2
18.0307991505	ICMP	65	65	1	1
9.49924111366	ICMP	208	208	1	1
14.2505970001	UDP	564	576	1	1
1.76198005676	ICMP	399	399	2	2
1.09794902802	UDP	246	274	2	2
14.5675079823	TCP	242	40	1	1
21.6999368668	TCP	1330	40	1	1
32.5498518944	TCP	218	40	1	2
2.00418114662	ICMP	292	292	1	1
4.20755696297	TCP	331	40	1	1
0.734791994095	UDP	699	576	2	2
52.4539699554	UDP	691	576	1	2
1.82559585571	TCP	402	40	2	5
41.4687697887	TCP	1062	40	1	1
34.9685838223	TCP	117	40	1	1
6.14713215828	ICMP	357	357	1	1
40.0084209442	TCP	1177	40	1	2
63.6224191189	UDP	403	431	1	1
43.4286749363	ICMP	440	440	1	2
4.77316689491	ICMP	367	367	1	2
21.4471940994	TCP	1091	40	1	1
26.2057108879	ICMP	430	430	1	2
73.279419899	ICMP	726	726	1	1
74.8935959339	UDP	862	576	1	1
11.6252598763	UDP	175	203	1	1
21.802341938	TCP	894	40	1	1
18.5027508736	ICMP	596	596	1	1
37.0347430706	UDP	682	576	1	1
72.5617580414	ICMP	388	388	1	1
63.5667090416	TCP	979	40	1	1
15.5389750004	TCP	1209	40	1	1
3.82151007652	UDP	292	320	1	2
63.5513749123	ICMP	471	471	1	1
21.3401150703	TCP	186	40	1	2
0.320633888245	UDP	698	576	2	2
48.8016600609	TCP	646	40	1	1
7.68500113487	ICMP	164	164	1	1
27.4503321648	UDP	878	576	1	1
33.9397068024	UDP	811	576	1	3
24.300424099	ICMP	635	635	1	1
8.7589070797	UDP	682	576	1	1
45.0001430511	ICMP	279	279	1	2
39.5591211319	ICMP	256	256	1	1
3.9497821331	TCP	338	40	1	1
48.509483099	UDP	655	576	1	2
2.43883991241	UDP	343	371	1	1
9.23479580879	TCP	1069	40	1	1
3.15878295898	TCP	529	40	1	1
24.0307011604	TCP	665	40	1	1
3.30417108536	TCP	1115	40	1	1
14.2504019737	TCP	947	40	1	1
55.5763640404	TCP	389	40	1	2
38.8205480576	TCP	862	40	1	1
17.1552541256	TCP	932	40	1	1
2.07224392891	UDP	261	289	1	1
39.5121297836	TCP	188	40	1	1
36.3965640068	UDP	506	534	1	1
65.1456251144	TCP	894	40	1	1
2.43909406662	TCP	1198	40	1	1
8.0232129097	UDP	361	389	1	1
1.81994199753	TCP	870	40	2	2
42.4660670757	ICMP	672	672	1	1
3.4236869812	TCP	102	40	1	1
5.14928603172	ICMP	593	593	1	1
2.10403299332	ICMP	38	38	1	1
5.22625994682	TCP	1033	40	1	1
1.33733081818	TCP	362	40	2	2
0.487040042877	TCP	756	40	2	2
63.4304509163	UDP	421	449	1	1
1.53084802628	ICMP	551	551	2	2
37.2055711746	UDP	699	576	1	1
33.5229120255	TCP	677	40	1	1
34.8736789227	TCP	870	40	1	1
44.5536701679	ICMP	725	725	1	1
38.9004330635	ICMP	319	319	1	2
16.5423798561	TCP	316	40	1	1
73.7360188961	TCP	670	40	1	1
6.25097203255	TCP	591	40	1	1
2.36075901985	TCP	1332	40	1	1
24.8560519218	ICMP	227	227	1	1
1.3813970089	ICMP	447	447	2	2
47.9780900478	ICMP	159	159	1	1
75.3775641918	TCP	1296	40	1	1
7.62547206879	ICMP	148	148	1	1
18.0118730068	ICMP	633	633	1	1
8.41196203232	UDP	572	576	1	1
3.77194619179	TCP	785	40	1	1
30.7599790096	ICMP	216	216	1	1
1.94787597656	ICMP	397	397	2	2
64.2918009758	TCP	1158	40	1	1
37.4024899006	TCP	582	40	1	1
8.30027389526	TCP	921	40	1	1
8.77974104881	TCP	1123	40	1	2
3.93332910538	TCP	610	40	1	1
1.61923694611	UDP	805	576	2	2
1.58809494972	TCP	335	40	2	2
51.3352630138	ICMP	678	678	1	2
64.6756350994	UDP	177	205	1	1
16.6847550869	ICMP	342	342	1	1
19.2739579678	TCP	210	40	1	3
50.605891943	TCP	1317	40	1	1
4.00772619247	TCP	1275	40	1	1
25.281140089	TCP	1212	40	1	1
7.58048701286	TCP	849	40	1	2
2.87645196915	TCP	340	40	1	2
13.5251960754	TCP	518	40	1	2
1.05660104752	TCP	1190	40	2	2
44.3076550961	TCP	1212	40	1	1
13.3694529533	TCP	412	40	1	1
63.4910111427	UDP	583	576	1	1
1.92523908615	ICMP	652	652	2	2
3.42967200279	ICMP	54	54	1	1
76.5004811287	ICMP	655	655	1	1
46.2513890266	TCP	521	40	1	1
69.491008997	UDP	519	547	1	1
49.4840500355	TCP	581	40	1	1
66.7887129784	TCP	489	40	1	1
13.31833601	ICMP	447	447	1	2
18.958523035	ICMP	358	358	1	1
25.4107999802	TCP	1110	40	1	2
7.99643993378	UDP	992	576	1	1
1.75584697723	TCP	81	40	2	4
57.1864740849	TCP	211	40	1	1
2.70751404762	TCP	786	40	1	1
73.207928896	UDP	465	493	1	2
74.4113061428	TCP	388	40	1	1
76.4710230827	ICMP	681	681	1	1
47.8781039715	TCP	609	40	1	1
2.26676988602	UDP	275	303	1	1
1.70194792747	TCP	973	40	2	2
43.6674721241	ICMP	438	438	1	1
25.8014140129	TCP	1094	40	1	1
21.5790169239	TCP	479	40	1	1
36.6005208492	ICMP	453	453	1	1
43.8446230888	UDP	374	402	1	1
64.8195688725	UDP	410	438	1	1
27.4920010567	ICMP	632	632	1	1
15.2059791088	TCP	174	40	1	1
3.74259805679	TCP	1189	40	1	1
42.5648469925	UDP	636	576	1	1
7.54431700706	TCP	946	40	1	1
7.15037703514	UDP	416	444	1	1
36.1516370773	TCP	486	40	1	1
46.402971983	TCP	212	40	1	1
0.490214824677	UDP	992	576	2	2
24.1499829292	TCP	661	40	1	1
31.7475140095	TCP	660	40	1	1
14.203163147	TCP	1087	40	1	1
2.59398603439	TCP	1212	40	1	1
3.19741797447	ICMP	168	168	1	1
51.0697920322	TCP	940	40	1	1
9.30808711052	ICMP	460	460	1	1
1.32251191139	UDP	935	576	2	2
5.36304712296	UDP	935	576	1	2
42.8503389359	TCP	907	40	1	1
4.9180059433	ICMP	237	237	1	1
46.6203429699	ICMP	568	568	1	1
47.1082980633	UDP	1007	576	1	1
63.1105239391	ICMP	351	351	1	2
0.334563016891	UDP	582	576	2	2
75.510089159	TCP	53	40	1	1
16.023665905	TCP	320	40	1	1
46.6000289917	ICMP	90	90	1	1
59.9873199463	TCP	656	40	1	1
51.184828043	UDP	1022	576	1	2
25.6421728134	UDP	872	576	1	1
9.09248209	TCP	1106	40	1	1
10.5471959114	ICMP	496	496	1	1
33.8211390972	TCP	375	40	1	1
2.16843485832	ICMP	81	81	1	1
20.6736941338	ICMP	95	95	1	1
24.3770270348	TCP	324	40	1	1
2.17156291008	ICMP	100	100	1	2
19.4525179863	ICMP	709	709	1	1
40.8803048134	ICMP	684	684	1	1
13.3215560913	TCP	937	40	1	1
1.34741401672	ICMP	393	393	2	2
61.7211158276	ICMP	553	553	1	1
2.82019805908	TCP	816	40	1	1
74.4815979004	TCP	1331	40	1	1
2.95291590691	ICMP	382	382	1	2
68.536698103	TCP	1179	40	1	3
56.2950279713	ICMP	33	33	1	1
8.60274505615	TCP	1233	40	1	2
30.811964035	TCP	469	40	1	1
15.5607261658	TCP	558	40	1	1
2.11314296722	UDP	176	204	1	1
62.9296200275	TCP	1242	40	1	1
4.0800921917	ICMP	572	572	1	1
68.9116020203	UDP	884	576	1	2
8.42132091522	TCP	261	40	1	1
25.011950016	TCP	661	40	1	2
47.5713372231	ICMP	38	38	1	1
40.833163023	TCP	232	40	1	1
29.7180688381	ICMP	283	283	1	1
73.7794220448	UDP	391	419	1	1
39.7545778751	TCP	1072	40	1	2
39.5856330395	TCP	598	40	1	1
7.42976284027	TCP	1233	40	1	2
25.6049849987	TCP	844	40	1	2
25.7797720432	TCP	487	40	1	1
5.26768898964	TCP	377	40	1	1
41.709859848	TCP	758	40	1	1
27.1626648903	TCP	841	40	1	3
2.69073700905	ICMP	488	488	1	1
4.85104417801	ICMP	371	371	1	1
29.2867908478	ICMP	166	166	1	1
22.2278008461	ICMP	286	286	1	1
10.7316279411	TCP	966	40	1	1
9.25969004631	TCP	819	40	1	1
2.94110298157	UDP	33	61	1	1
2.5188999176	UDP	432	460	1	1
62.8076069355	TCP	958	40	1	1
44.1192359924	TCP	687	40	1	1
2.79181408882	TCP	994	40	1	1
2.65538787842	TCP	322	40	1	1
8.56010818481	TCP	511	40	1	1
40.8900671005	TCP	1300	40	1	2
42.6522521973	TCP	420	40	1	1
18.1782209873	TCP	1050	40	1	1
10.5042209625	UDP	710	576	1	1
1.32969403267	ICMP	209	209	2	2
2.70880699158	TCP	642	40	1	2
3.09410095215	UDP	150	178	1	2
41.6378269196	TCP	1236	40	1	1
9.40857100487	ICMP	706	706	1	1
43.8075489998	TCP	936	40	1	1
21.5973248482	ICMP	143	143	1	1
9.47031402588	UDP	479	507	1	2
34.8899440765	TCP	926	40	1	1
8.16166687012	TCP	311	40	1	1
68.5860888958	ICMP	252	252	1	1
3.47759199142	TCP	1272	40	1	1
73.9177539349	TCP	756	40	1	3
7.80599284172	ICMP	620	620	1	1
7.02966785431	TCP	855	40	1	2
24.539855957	ICMP	347	347	1	1
24.7917478085	TCP	735	40	1	2
2.24189209938	UDP	896	576	1	2
13.0620501041	TCP	1194	40	1	1
4.62685799599	TCP	877	40	1	1
73.6223611832	UDP	767	576	1	1
27.9176340103	UDP	929	576	1	1
7.41156101227	UDP	494	522	1	1
74.1673669815	ICMP	615	615	1	1
4.47059988976	ICMP	87	87	1	1
19.9111530781	UDP	253	281	1	1
1.80198693275	ICMP	200	200	2	2
1.70021605492	UDP	601	576	2	2
0.390300989151	TCP	1043	40	2	2
24.7036230564	TCP	945	40	1	1
43.1210179329	TCP	1164	40	1	1
12.978402853	UDP	991	576	1	1
46.6408319473	TCP	672	40	1	1
54.231703043	ICMP	538	538	1	1
7.54724597931	UDP	632	576	1	1
48.3004431725	ICMP	370	370	1	1
38.3074080944	TCP	842	40	1	1
39.2041380405	TCP	1042	40	1	1
3.61466407776	TCP	679	40	1	1
43.3073348999	UDP	534	562	1	2
4.02884888649	UDP	600	576	1	1
6.40193104744	TCP	1084	40	1	1
2.57908082008	TCP	152	40	1	1
40.8548021317	ICMP	541	541	1	1
74.9601068497	ICMP	628	628	1	1
2.15400791168	ICMP	649	649	1	1
73.4604458809	TCP	661	40	1	2
31.9363439083	UDP	697	576	1	2
52.0366518497	TCP	668	40	1	1
1.74809193611	TCP	393	40	2	2
1.54891586304	ICMP	496	496	2	2
1.23720288277	ICMP	593	593	2	4
56.0096039772	ICMP	302	302	1	1
74.5336351395	ICMP	237	237	1	1
1.09160995483	TCP	1152	40	2	2
8.0933740139	TCP	139	40	1	1
4.08559083939	ICMP	245	245	1	1
0.968359947205	TCP	1108	40	2	2
32.708013773	TCP	783	40	1	1
3.03708791733	ICMP	365	365	1	1
42.2729170322	ICMP	333	333	1	1
2.06623315811	ICMP	107	107	1	1
74.0334649086	TCP	662	40	1	4
74.1983549595	UDP	140	168	1	1
2.71843409538	UDP	433	461	1	1
1.53135108948	UDP	458	486	2	2
0.330245018005	ICMP	488	488	2	2
43.4277050495	ICMP	65	65	1	1
29.8973548412	ICMP	446	446	1	1
50.4756350517	ICMP	585	585	1	1
1.33935594559	ICMP	659	659	2	2
31.2934420109	UDP	895	576	1	1
43.4693770409	TCP	1292	40	1	2
0.392138957977	TCP	524	40	2	2
73.5532810688	ICMP	313	313	1	1
2.27927803993	TCP	1198	40	1	1
74.3067109585	ICMP	667	667	1	2
8.93099999428	UDP	150	178	1	1
46.8397610188	TCP	999	40	1	1
35.1295671463	TCP	569	40	1	1
34.4728178978	ICMP	130	130	1	1
15.4312300682	TCP	1301	40	1	1
25.0627448559	TCP	1084	40	1	1
73.0009841919	TCP	827	40	1	2
23.8525898457	ICMP	606	606	1	1
10.0888972282	TCP	1301	40	1	1
53.4744238853	TCP	654	40	1	1
54.3395199776	ICMP	262	262	1	1
40.4294538498	ICMP	269	269	1	1
53.0708088875	UDP	87	115	1	1
73.0568070412	TCP	494	40	1	1
13.2135009766	TCP	1317	40	1	1
75.7560930252	TCP	668	40	1	1
74.7597548962	UDP	148	176	1	1
3.77084803581	UDP	423	451	1	2
9.81161379814	ICMP	452	452	1	1
10.4511430264	TCP	1094	40	1	1
0.699718952179	TCP	948	40	2	4
45.0124740601	ICMP	301	301	1	1
4.90846514702	ICMP	446	446	1	1
4.64808106422	ICMP	397	397	1	2
10.6492621899	UDP	430	458	1	1
62.5612630844	ICMP	239	239	1	1
3.92414093018	TCP	51	40	1	1
13.5540981293	ICMP	115	115	1	1
20.1592760086	TCP	1043	40	1	1
2.38637590408	TCP	1072	40	1	1
8.24578309059	UDP	693	576	1	1
2.12009906769	UDP	326	354	1	1
35.1729409695	ICMP	465	465	1	1
50.7804749012	TCP	218	40	1	1
18.2919421196	ICMP	230	230	1	1
17.9096591473	ICMP	584	584	1	1
20.5083799362	ICMP	194	194	1	2
64.729820013	ICMP	333	333	1	1
42.7041079998	TCP	467	40	1	2
13.6617560387	ICMP	423	423	1	1
66.1075549126	TCP	742	40	1	1
2.05379295349	UDP	492	520	1	1
1.15133595467	TCP	517	40	2	3
6.71584391594	UDP	169	197	1	2
22.2699420452	UDP	657	576	1	2
5.12246608734	ICMP	575	575	1	1
52.8786041737	TCP	585	40	1	1
2.76562595367	UDP	357	385	1	1
5.56586384773	UDP	356	384	1	1
1.87067604065	ICMP	690	690	2	2
22.2965860367	TCP	692	40	1	1
74.3972799778	TCP	1133	40	1	1
49.6159229279	TCP	851	40	1	2
47.4412031174	TCP	921	40	1	2
1.8836171627	TCP	1192	40	2	2
0.73711681366	TCP	1247	40	2	2
66.4415769577	TCP	371	40	1	1
45.3107450008	ICMP	587	587	1	1
30.1779251099	TCP	755	40	1	2
1.83331298828	ICMP	444	444	2	3
76.7130169868	TCP	284	40	1	2
1.28295111656	ICMP	541	541	2	2
16.6504127979	TCP	489	40	1	1
33.5169799328	UDP	376	404	1	2
46.9463829994	TCP	143	40	1	1
63.9549751282	ICMP	304	304	1	1
33.8796479702	UDP	440	468	1	1
41.9289069176	TCP	1155	40	1	1
73.9064049721	UDP	581	576	1	1
2.72911214828	TCP	1115	40	1	1
3.15870809555	TCP	477	40	1	2
16.0068750381	ICMP	688	688	1	1
73.4064531326	ICMP	354	354	1	1
33.1757609844	UDP	281	309	1	2
8.94727611542	ICMP	155	155	1	3
4.36386919022	ICMP	610	610	1	1
8.62663602829	ICMP	219	219	1	1
0.568176984787	TCP	1245	40	2	2
73.8212089539	UDP	153	181	1	2
1.22271990776	ICMP	139	139	2	2
11.8525600433	TCP	1152	40	1	1
74.6220889091	UDP	271	299	1	1
1.36748504639	TCP	1132	40	2	2
13.2001750469	ICMP	333	333	1	1
1.49167013168	ICMP	580	580	2	2
4.36365914345	TCP	414	40	1	1
3.18957710266	TCP	635	40	1	1
40.9501471519	ICMP	189	189	1	2
2.70830392838	TCP	1259	40	1	2
25.5204560757	ICMP	300	300	1	1
63.9474511147	TCP	1103	40	1	1
5.22052383423	TCP	947	40	1	1
31.6949679852	TCP	1263	40	1	1
36.3430418968	TCP	1244	40	1	1
46.9793148041	UDP	38	66	1	1
1.9689719677	TCP	950	40	2	2
15.5826439857	ICMP	633	633	1	1
41.6292970181	ICMP	160	160	1	1
2.79743409157	TCP	812	40	1	1
32.4947650433	TCP	463	40	1	1
2.01980781555	UDP	230	258	1	1
25.2931540012	TCP	376	40	1	1
2.33291101456	TCP	525	40	1	3
27.4998729229	TCP	1197	40	1	1
74.3603169918	UDP	119	147	1	1
1.94616389275	UDP	672	576	2	2
16.5046060085	UDP	488	516	1	1
19.7772388458	TCP	1035	40	1	1
0.995210886002	UDP	687	576	2	2
33.9427030087	ICMP	446	446	1	1
36.3456141949	TCP	975	40	1	1
2.22144603729	UDP	431	459	1	1
6.22360801697	UDP	472	500	1	1
35.7919709682	UDP	774	576	1	1
3.16088199615	ICMP	58	58	1	1
24.3505520821	TCP	673	40	1	1
1.49265694618	TCP	484	40	2	2
2.39006400108	ICMP	414	414	1	1
33.5448617935	TCP	168	40	1	1
5.05096888542	ICMP	723	723	1	1
2.21370196342	TCP	92	40	1	1
3.37926983833	ICMP	307	307	1	1
19.0965969563	TCP	577	40	1	1
1.97659301758	ICMP	651	651	2	3
1.83798909187	TCP	1339	40	2	3
44.2368550301	ICMP	509	509	1	1
7.58958411217	TCP	1064	40	1	2
38.5088660717	UDP	993	576	1	1
10.6880598068	UDP	373	401	1	1
26.6200110912	TCP	775	40	1	2
42.8600740433	TCP	56	40	1	1
11.2397301197	ICMP	379	379	1	3
0.38610291481	ICMP	563	563	2	2
2.44094085693	ICMP	496	496	1	1
54.6962790489	TCP	1000	40	1	1
1.38038110733	TCP	1267	40	2	2
6.75422787666	UDP	712	576	1	1
6.44989705086	TCP	967	40	1	1
13.2112998962	ICMP	206	206	1	2
49.4163880348	UDP	277	305	1	2
64.0057740211	TCP	435	40	1	2
12.1113259792	TCP	469	40	1	2
35.3051509857	ICMP	579	579	1	1
1.32928609848	TCP	1262	40	2	2
41.9744739532	TCP	832	40	1	1
9.49198698997	ICMP	242	242	1	1
23.5824210644	TCP	920	40	1	1
47.2930219173	UDP	991	576	1	1
73.7315862179	ICMP	188	188	1	1
33.5042741299	UDP	581	576	1	1
13.2690680027	ICMP	243	243	1	1
40.424875021	UDP	368	396	1	1
38.5496220589	TCP	1254	40	1	1
42.8900589943	ICMP	169	169	1	1
0.977272987366	ICMP	432	432	2	2
14.8301730156	UDP	468	496	1	2
68.7008628845	TCP	745	40	1	2
32.8026621342	TCP	193	40	1	1
22.1610970497	TCP	765	40	1	1
8.11800813675	TCP	379	40	1	2
11.1668989658	TCP	52	40	1	1
19.8968410492	ICMP	424	424	1	1
31.4884889126	UDP	416	444	1	1
56.2045648098	ICMP	219	219	1	2
1.59823489189	UDP	796	576	2	2
52.0301189423	TCP	434	40	1	1
2.09380197525	TCP	676	40	1	1
3.92791795731	TCP	243	40	1	1
26.4071478844	TCP	1291	40	1	1
43.4136040211	TCP	442	40	1	1
7.36885404587	ICMP	357	357	1	1
0.485525846481	TCP	1074	40	2	2
40.0173199177	ICMP	235	235	1	2
1.92220711708	TCP	1312	40	2	2
31.3766899109	ICMP	70	70	1	2
4.7044839859	TCP	107	40	1	1
11.7886350155	TCP	560	40	1	1
5.53668999672	ICMP	49	49	1	1
12.0720179081	TCP	296	40	1	2
73.2783379555	UDP	415	443	1	2
30.7133219242	TCP	71	40	1	2
8.45973300934	TCP	963	40	1	1
1.83703398705	TCP	1088	40	2	2
13.9351630211	UDP	93	121	1	1
32.7064189911	TCP	56	40	1	1
10.8497891426	ICMP	99	99	1	2
39.1881299019	TCP	691	40	1	1
4.85579299927	TCP	1105	40	1	1
67.6015639305	UDP	531	559	1	1
7.61488103867	ICMP	659	659	1	1
26.4162452221	UDP	669	576	1	1
3.23188996315	TCP	1065	40	1	1
63.0319859982	UDP	365	393	1	1
67.1001179218	TCP	651	40	1	1
41.2027800083	TCP	1178	40	1	2
12.1265838146	ICMP	370	370	1	1
67.8688189983	ICMP	396	396	1	1
1.53943514824	TCP	758	40	2	3
41.9663698673	TCP	1001	40	1	1
18.7997949123	UDP	451	479	1	1
5.40456700325	TCP	485	40	1	1
6.52980804443	TCP	639	40	1	1
1.31031703949	TCP	690	40	2	3
54.8494410515	TCP	768	40	1	1
5.4520611763	TCP	85	40	1	1
36.7676539421	TCP	117	40	1	2
75.120456934	ICMP	526	526	1	3
1.21760487556	UDP	138	166	2	2
13.3113338947	UDP	376	404	1	1
1.40425086021	UDP	736	576	2	2
1.999822855	UDP	864	576	2	3
3.25778198242	ICMP	424	424	1	1
3.47832393646	TCP	1023	40	1	1
25.9608280659	TCP	305	40	1	1
52.4941980839	UDP	293	321	1	1
63.4003558159	TCP	692	40	1	1
3.79102301598	ICMP	470	470	1	1
4.85260915756	TCP	1238	40	1	2
14.4484989643	TCP	440	40	1	1
30.5884568691	TCP	721	40	1	1
46.8464529514	TCP	580	40	1	1
17.1595740318	TCP	1202	40	1	1
63.0897490978	TCP	1286	40	1	1
2.43534779549	ICMP	532	532	1	1
66.6703019142	TCP	617	40	1	1
5.41619300842	TCP	636	40	1	1
18.1810419559	TCP	777	40	1	1
38.9289269447	UDP	672	576	1	2
67.7680361271	TCP	721	40	1	1
64.173938036	UDP	316	344	1	1
41.8459529877	ICMP	172	172	1	1
0.456533908844	TCP	409	40	2	2
3.08456110954	TCP	93	40	1	1
4.64028096199	UDP	677	576	1	1
11.7117078304	TCP	1133	40	1	1
1.91012787819	ICMP	159	159	2	2
20.9962229729	ICMP	683	683	1	2
39.4274599552	UDP	241	269	1	1
15.1337358952	ICMP	192	192	1	1
2.849807024	ICMP	161	161	1	1
2.69305586815	TCP	1169	40	1	1
76.1169559956	TCP	400	40	1	1
28.2445762157	TCP	1028	40	1	1
19.2033481598	UDP	226	254	1	1
28.5048217773	ICMP	445	445	1	1
73.6361839771	ICMP	500	500	1	1
46.158408165	UDP	438	466	1	1
2.92546701431	UDP	394	422	1	1
18.8429629803	TCP	143	40	1	1
3.74952220917	TCP	720	40	1	1
20.5659399033	UDP	72	100	1	1
6.43947196007	ICMP	718	718	1	2
30.9872469902	ICMP	97	97	1	1
2.61167097092	ICMP	482	482	1	1
6.47775197029	TCP	520	40	1	1
4.90258312225	TCP	607	40	1	2
12.1781039238	ICMP	222	222	1	1
8.13635897636	TCP	1119	40	1	1
0.886543035507	ICMP	614	614	2	2
1.9876101017	ICMP	472	472	2	3
31.1914319992	UDP	591	576	1	1
43.7521021366	ICMP	325	325	1	1
2.94937181473	ICMP	235	235	1	1
2.72577285767	TCP	406	40	1	1
32.4538869858	TCP	1272	40	1	1
39.4936470985	ICMP	413	413	1	1
4.61797785759	ICMP	284	284	1	1
10.7050120831	ICMP	602	602	1	1
8.44772911072	UDP	315	343	1	1
0.507709026337	ICMP	507	507	2	2
4.57432389259	TCP	606	40	1	1
24.7806689739	TCP	1315	40	1	2
14.9982321262	TCP	348	40	1	2
73.4106879234	ICMP	613	613	1	1
17.6082918644	TCP	401	40	1	1
47.8222141266	TCP	409	40	1	1
17.7295100689	UDP	346	374	1	2
74.7100570202	TCP	958	40	1	1
8.1441860199	ICMP	624	624	1	1
28.6106579304	UDP	220	248	1	1
39.055822134	ICMP	105	105	1	1
2.6301510334	TCP	754	40	1	2
58.8303260803	TCP	1099	40	1	2
44.2267119884	ICMP	211	211	1	1
39.301224947	ICMP	184	184	1	1
3.52912592888	TCP	1188	40	1	1
11.5369508266	TCP	527	40	1	1
75.7635660172	UDP	904	576	1	1
43.453042984	TCP	413	40	1	1
5.49592494965	TCP	992	40	1	2
74.0181999207	TCP	832	40	1	1
4.25670814514	UDP	102	130	1	2
6.03961896896	ICMP	110	110	1	1
35.7342708111	UDP	420	448	1	1
66.7200407982	UDP	846	576	1	1
3.08903598785	UDP	938	576	1	1
19.1175489426	TCP	1207	40	1	1
1.98206496239	TCP	875	40	2	3
40.8129172325	ICMP	472	472	1	1
47.5003530979	UDP	597	576	1	3
21.6698250771	TCP	200	40	1	2
51.4296000004	TCP	846	40	1	1
62.3045899868	TCP	713	40	1	1
8.87408208847	TCP	1239	40	1	1
43.1169190407	UDP	678	576	1	1
30.1313929558	TCP	708	40	1	1
29.6086370945	TCP	1319	40	1	2
53.2327311039	ICMP	707	707	1	1
11.229085207	TCP	729	40	1	1
6.07687807083	TCP	397	40	1	1
42.5006489754	TCP	533	40	1	1
47.7703220844	UDP	123	151	1	1
1.76482391357	TCP	735	40	2	2
1.76150107384	TCP	564	40	2	2
2.64009594917	ICMP	183	183	1	3
2.02778100967	ICMP	721	721	1	1
6.75336503983	ICMP	488	488	1	1
0.542554855347	TCP	690	40	2	3
73.6865181923	TCP	301	40	1	2
77.1481630802	TCP	994	40	1	2
18.3397130966	TCP	828	40	1	1
6.6425909996	UDP	776	576	1	1
1.67079591751	ICMP	670	670	2	2
29.9443750381	UDP	694	576	1	1
4.28359103203	UDP	1011	576	1	1
4.23905611038	UDP	149	177	1	1
73.4444918633	ICMP	447	447	1	1
3.41396903992	ICMP	307	307	1	1
14.3190131187	TCP	512	40	1	1
3.8035838604	TCP	1312	40	1	1
2.52648997307	UDP	378	406	1	1
24.3927769661	TCP	249	40	1	1
21.8108229637	TCP	612	40	1	1
8.25235080719	TCP	138	40	1	1
3.25352311134	ICMP	378	378	1	1
3.74279594421	TCP	1122	40	1	1
13.9831540585	UDP	175	203	1	1
15.4092550278	TCP	1047	40	1	2
2.05741500854	TCP	897	40	1	1
40.6500461102	TCP	789	40	1	2
3.86699008942	ICMP	115	115	1	1
26.4423151016	ICMP	644	644	1	2
16.6057531834	UDP	492	520	1	1
4.26057004929	UDP	287	315	1	1
40.6631269455	TCP	182	40	1	1
5.86968708038	TCP	196	40	1	2
1.32975387573	ICMP	356	356	2	2
41.5497999191	TCP	769	40	1	1
65.1193480492	TCP	1040	40	1	1
38.270321846	ICMP	621	621	1	1
2.02200889587	TCP	1199	40	1	1
39.6913142204	ICMP	230	230	1	1
39.8179779053	TCP	1070	40	1	2
36.6739468575	TCP	730	40	1	1
74.587321043	TCP	333	40	1	1
71.7367630005	ICMP	397	397	1	1
0.308605909348	ICMP	525	525	2	2
32.2080690861	TCP	1340	40	1	1
6.53079986572	TCP	1057	40	1	1
21.7436790466	TCP	290	40	1	3
11.9894640446	TCP	50	40	1	2
9.19050121307	TCP	1325	40	1	1
8.55838799477	TCP	692	40	1	2
46.9276440144	ICMP	579	579	1	1
25.7190039158	TCP	1304	40	1	1
4.29436182976	UDP	510	538	1	1
17.2865519524	TCP	949	40	1	1
16.8887898922	ICMP	399	399	1	1
3.02331590652	TCP	90	40	1	1
12.4660849571	ICMP	683	683	1	1
46.4308948517	TCP	152	40	1	1
0.606766939163	ICMP	148	148	2	2
4.39447593689	TCP	279	40	1	2
5.70745611191	TCP	304	40	1	1
2.20858287811	ICMP	107	107	1	1
0.530188083649	UDP	273	301	2	2
35.069329977	ICMP	126	126	1	2
14.5295660496	UDP	868	576	1	1
2.67579698563	TCP	522	40	1	1
9.03397798538	TCP	767	40	1	1
13.3397569656	TCP	657	40	1	1
28.1660768986	ICMP	234	234	1	1
18.2740089893	TCP	1312	40	1	1
36.1355421543	TCP	583	40	1	1
44.3107128143	UDP	630	576	1	1
68.6096048355	TCP	1202	40	1	1
50.6689488888	TCP	299	40	1	1
21.5855510235	ICMP	705	705	1	1
4.17238807678	UDP	946	576	1	1
37.5870389938	TCP	134	40	1	1
4.88123989105	TCP	1077	40	1	1
22.0366959572	TCP	726	40	1	1
36.5692839622	TCP	733	40	1	1
10.5707039833	ICMP	40	40	1	1
5.43768119812	ICMP	144	144	1	1
8.19650197029	UDP	426	454	1	1
42.7932450771	TCP	1091	40	1	1
53.3266060352	ICMP	41	41	1	1
1.87310600281	TCP	190	40	2	2
2.0008649826	TCP	535	40	1	2
3.86252784729	TCP	759	40	1	1
9.62878608704	ICMP	419	419	1	1
31.8972411156	TCP	601	40	1	1
7.01687097549	UDP	766	576	1	1
4.35019397736	UDP	544	572	1	1
6.86376404762	ICMP	190	190	1	1
3.85940504074	ICMP	117	117	1	1
74.7324221134	TCP	908	40	1	1
18.896600008	ICMP	314	314	1	1
3.52488398552	TCP	180	40	1	1
17.0766658783	TCP	942	40	1	1
44.1953048706	ICMP	444	444	1	2
41.7723810673	TCP	1254	40	1	1
72.0335249901	TCP	53	40	1	1
46.085572958	TCP	1302	40	1	1
1.28684401512	TCP	743	40	2	4
69.1424958706	UDP	758	576	1	1
8.40500116348	ICMP	156	156	1	1
7.16020202637	ICMP	720	720	1	1
19.3882699013	TCP	1160	40	1	2
1.68703699112	UDP	747	576	2	3
51.4685530663	ICMP	495	495	1	1
42.5306520462	TCP	511	40	1	1
13.8526849747	ICMP	534	534	1	1
23.2904980183	TCP	541	40	1	1
8.66046309471	UDP	924	576	1	1
39.09598279	UDP	560	576	1	1
1.92721605301	ICMP	338	338	2	3
2.26982712746	ICMP	477	477	1	1
8.50747489929	ICMP	46	46	1	2
44.6886050701	ICMP	584	584	1	1
1.99339199066	TCP	1239	40	2	2
1.56338691711	TCP	1326	40	2	2
3.22696304321	ICMP	686	686	1	2
3.20644402504	UDP	803	576	1	1
34.5203700066	ICMP	548	548	1	2
38.6805949211	ICMP	563	563	1	2
74.4874389172	UDP	1028	576	1	1
73.7695560455	ICMP	456	456	1	3
2.26776385307	UDP	331	359	1	1
8.19695591927	TCP	567	40	1	1
10.6556539536	TCP	870	40	1	1
2.18694186211	ICMP	683	683	1	2
16.5219020844	UDP	279	307	1	2
2.95254611969	TCP	215	40	1	1
74.6849370003	TCP	1300	40	1	1
3.73337006569	TCP	395	40	1	1
41.4997031689	TCP	933	40	1	2
9.727257967	UDP	131	159	1	1
35.7273418903	TCP	451	40	1	1
49.2282528877	ICMP	522	522	1	2
1.36384415627	TCP	656	40	2	3
0.491411209106	TCP	1225	40	2	2
31.3818800449	UDP	673	576	1	2
1.60440587997	UDP	464	492	2	2
46.1460599899	TCP	507	40	1	1
30.5503499508	ICMP	304	304	1	1
3.51740884781	UDP	516	544	1	1
32.6902761459	TCP	98	40	1	1
1.79751515388	TCP	185	40	2	3
39.3107118607	ICMP	604	604	1	2
5.67154598236	TCP	212	40	1	1
76.2203350067	ICMP	564	564	1	1
16.4693131447	TCP	1304	40	1	1
47.3144631386	UDP	74	102	1	1
33.0253610611	ICMP	228	228	1	2
2.18749213219	TCP	336	40	1	1
2.11237096786	TCP	368	40	1	1
39.8302419186	UDP	848	576	1	1
64.0878970623	UDP	453	481	1	1
16.159047842	UDP	95	123	1	1
5.91301488876	TCP	1087	40	1	2
2.66578984261	UDP	832	576	1	1
2.59239578247	ICMP	623	623	1	1
4.04303693771	TCP	507	40	1	1
12.9122569561	ICMP	252	252	1	1
0.569836139679	ICMP	103	103	2	2
32.3440260887	ICMP	608	608	1	1
30.9299900532	TCP	1172	40	1	2
11.7063319683	ICMP	330	330	1	1
53.4928178787	TCP	717	40	1	2
21.5526299477	TCP	521	40	1	1
37.529774189	TCP	1338	40	1	1
12.0002410412	UDP	775	576	1	2
6.67397809029	TCP	1314	40	1	1
12.5000557899	ICMP	429	429	1	1
23.6874170303	TCP	729	40	1	1
1.56481909752	ICMP	291	291	2	3
0.323997020721	TCP	737	40	2	2
14.8113889694	TCP	1284	40	1	1
26.1980779171	TCP	616	40	1	1
60.337761879	TCP	315	40	1	1
3.33884978294	TCP	47	40	1	1
12.4095551968	UDP	983	576	1	2
1.42625617981	ICMP	431	431	2	2
39.6904690266	TCP	337	40	1	1
17.1397328377	UDP	254	282	1	1
40.9305620193	TCP	146	40	1	1
6.99949598312	ICMP	236	236	1	1
2.57931804657	TCP	700	40	1	1
6.6780269146	ICMP	511	511	1	1
2.2916021347	UDP	977	576	1	1
46.2964639664	UDP	839	576	1	2
17.3096730709	ICMP	585	585	1	3
44.433727026	ICMP	650	650	1	1
29.8263790607	ICMP	263	263	1	2
31.9384291172	TCP	423	40	1	1
0.598554849625	TCP	943	40	2	2
9.74667716026	TCP	480	40	1	1
38.683521986	TCP	146	40	1	2
2.28492999077	ICMP	418	418	1	1
1.76452898979	ICMP	40	40	2	2
8.04528808594	TCP	663	40	1	2
65.3317570686	UDP	912	576	1	1
0.72635102272	TCP	570	40	2	2
6.29095101357	TCP	970	40	1	1
38.7424230576	UDP	605	576	1	1
30.3652729988	TCP	408	40	1	1
1.45271396637	UDP	414	442	2	2
47.5272200108	TCP	500	40	1	1
48.2601459026	TCP	1335	40	1	1
73.5988130569	ICMP	699	699	1	1
36.5807840824	TCP	551	40	1	1
4.49503087997	TCP	1253	40	1	1
12.2258338928	TCP	894	40	1	1
1.55602002144	ICMP	465	465	2	2
15.45835495	TCP	224	40	1	1
3.41928100586	TCP	358	40	1	1
16.631759882	TCP	1187	40	1	1
8.86641097069	TCP	792	40	1	2
48.40823102	ICMP	251	251	1	1
37.566437006	TCP	707	40	1	1
0.815515041351	TCP	459	40	2	2
51.9840559959	UDP	879	576	1	1
40.0507779121	ICMP	213	213	1	1
15.9967329502	UDP	177	205	1	1
28.0891180038	UDP	897	576	1	2
3.32339978218	TCP	949	40	1	1
44.2008109093	TCP	666	40	1	1
30.5633788109	UDP	133	161	1	1
41.5807349682	TCP	246	40	1	1
1.55912184715	TCP	1326	40	2	2
60.1501328945	ICMP	410	410	1	2
34.3317270279	UDP	465	493	1	1
41.5966210365	TCP	1044	40	1	2
2.99347090721	ICMP	418	418	1	1
19.0202879906	ICMP	438	438	1	2
36.8877511024	TCP	1242	40	1	1
4.20035099983	UDP	565	576	1	1
61.4485499859	ICMP	396	396	1	1
27.3244140148	TCP	215	40	1	1
61.2893900871	TCP	129	40	1	2
35.4341859818	TCP	419	40	1	1
62.4790959358	TCP	716	40	1	2
27.6125907898	TCP	1140	40	1	2
2.45945310593	ICMP	219	219	1	1
8.08305191994	TCP	176	40	1	1
2.67011499405	ICMP	594	594	1	1
5.34033203125	ICMP	577	577	1	1
2.55463910103	TCP	959	40	1	2
32.2930428982	ICMP	691	691	1	1
12.1693229675	TCP	1223	40	1	1
3.07693004608	TCP	140	40	1	1
16.9193577766	TCP	302	40	1	1
3.52308821678	TCP	1164	40	1	1
14.6133568287	ICMP	267	267	1	1
3.60806918144	ICMP	384	384	1	2
1.18719506264	TCP	447	40	2	3
43.7232508659	ICMP	391	391	1	1
34.3926599026	ICMP	246	246	1	2
7.30611801147	UDP	89	117	1	1
21.1029338837	ICMP	272	272	1	1
2.70712995529	UDP	958	576	1	1
15.2999827862	ICMP	302	302	1	2
4.80705404282	UDP	520	548	1	1
26.2011890411	UDP	767	576	1	2
