0.129661083221	UDP	493	521	2	2
0.129003047943	UDP	258	286	2	2
0.154680013657	ICMP	342	342	2	2
0.294844150543	TCP	664	40	2	2
0.153093099594	UDP	584	576	2	2
1.93237113953	ICMP	363	363	2	2
0.255215167999	TCP	1265	40	2	4
0.107894182205	UDP	703	576	2	2
0.267918109894	UDP	424	452	2	4
0.364488840103	ICMP	57	57	2	3
0.424114942551	ICMP	46	46	2	4
0.280232906342	TCP	846	40	2	2
0.462470054626	TCP	684	40	2	2
1.75716900826	TCP	1321	40	2	3
0.905724048615	ICMP	569	569	2	2
0.189179897308	UDP	545	573	2	4
1.69244217873	ICMP	584	584	2	2
0.234451055527	ICMP	69	69	2	3
0.284312009811	UDP	441	469	2	2
0.181004047394	TCP	788	40	2	2
0.562390804291	TCP	332	40	2	3
0.341706037521	TCP	96	40	2	2
0.214948892593	ICMP	186	186	2	4
0.109175920486	UDP	891	576	2	2
0.192934989929	ICMP	678	678	2	2
1.9460401535	TCP	866	40	2	2
1.37364006042	UDP	916	576	2	2
0.474249839783	ICMP	117	117	2	2
0.307495832443	ICMP	114	114	2	3
0.694812059402	TCP	244	40	2	5
0.160051822662	UDP	1021	576	2	2
1.57160210609	UDP	423	451	2	2
0.643849134445	ICMP	553	553	2	2
0.555593967438	TCP	890	40	2	4
0.129501104355	TCP	858	40	2	2
0.338468074799	TCP	629	40	2	2
0.165181159973	TCP	1248	40	2	2
0.140085935593	TCP	174	40	2	2
0.838822841644	ICMP	320	320	2	2
0.154997110367	UDP	469	497	2	2
0.139265775681	TCP	442	40	2	2
0.30935883522	UDP	750	576	2	2
0.542155981064	TCP	409	40	2	2
0.554681062698	ICMP	125	125	2	2
0.224647045135	UDP	524	552	2	4
0.190721035004	TCP	768	40	2	2
1.16939592361	ICMP	400	400	2	2
0.24876999855	TCP	673	40	2	4
0.976073980331	UDP	600	576	2	4
0.209529161453	TCP	949	40	2	2
0.828109025955	UDP	425	453	2	2
0.146332979202	ICMP	281	281	2	2
0.147145032883	TCP	1204	40	2	2
0.161041975021	TCP	1124	40	2	2
0.258239030838	UDP	867	576	2	2
0.26890206337	TCP	1251	40	2	4
0.344915866852	TCP	1303	40	2	2
0.320585012436	ICMP	575	575	2	2
0.151643037796	TCP	1237	40	2	2
0.482545137405	ICMP	522	522	2	2
0.242811918259	TCP	367	40	2	2
0.196239948273	TCP	1050	40	2	4
0.142978906631	TCP	251	40	2	4
0.248621940613	TCP	1196	40	2	2
0.220803976059	ICMP	561	561	2	2
1.30737280846	UDP	981	576	2	2
0.469716072083	UDP	982	576	2	4
1.09284281731	ICMP	523	523	2	2
0.189550876617	ICMP	689	689	2	2
1.61982607841	UDP	772	576	2	2
0.114861965179	ICMP	681	681	2	2
0.516421794891	ICMP	74	74	2	2
0.395745992661	UDP	690	576	2	3
0.435272932053	UDP	613	576	2	2
0.139314889908	ICMP	233	233	2	2
0.609337806702	ICMP	713	713	2	2
0.601394891739	ICMP	325	325	2	2
0.125355005264	ICMP	233	233	2	2
0.503952026367	TCP	286	40	2	2
1.65266394615	TCP	1147	40	2	3
1.80954098701	UDP	926	576	2	2
0.238797187805	ICMP	581	581	2	2
0.35573887825	TCP	1036	40	2	6
0.289746046066	TCP	1060	40	2	2
0.129061937332	TCP	163	40	2	2
1.84042310715	UDP	146	174	2	3
0.757843971252	UDP	341	369	2	2
0.909461021423	TCP	390	40	2	4
0.483597993851	TCP	1315	40	2	2
1.06518602371	TCP	357	40	2	2
0.382052898407	TCP	47	40	2	2
0.479432106018	ICMP	153	153	2	2
0.254081010818	TCP	1112	40	2	2
0.139870166779	UDP	947	576	2	2
0.603266000748	TCP	388	40	2	2
0.252490997314	TCP	403	40	2	2
0.2687728405	TCP	495	40	2	2
0.344270944595	TCP	105	40	2	2
0.352813005447	TCP	55	40	2	3
0.343088150024	TCP	918	40	2	4
0.186195850372	TCP	1022	40	2	2
0.510089874268	UDP	836	576	2	4
0.163727998734	TCP	364	40	2	2
0.370257139206	ICMP	281	281	2	2
0.538300037384	TCP	168	40	2	2
0.210181951523	TCP	529	40	2	2
0.18484711647	UDP	165	193	2	2
0.666318893433	UDP	805	576	2	2
0.116226911545	ICMP	110	110	2	2
0.577863931656	ICMP	615	615	2	4
1.82905602455	TCP	1164	40	2	2
1.18113493919	TCP	858	40	2	3
0.731583118439	ICMP	125	125	2	2
1.1836669445	TCP	643	40	2	2
1.46770501137	UDP	754	576	2	2
0.333508014679	TCP	396	40	2	2
0.118974924088	ICMP	423	423	2	2
0.332048892975	TCP	925	40	2	2
0.329441070557	TCP	674	40	2	4
0.259466171265	TCP	647	40	2	2
1.43031287193	UDP	532	560	2	2
0.121042013168	UDP	670	576	2	2
0.779361009598	ICMP	726	726	2	4
0.364049196243	ICMP	31	31	2	2
0.23558807373	TCP	492	40	2	2
0.520466089249	TCP	920	40	2	4
0.176995038986	TCP	739	40	2	2
0.447299957275	ICMP	435	435	2	2
0.234570026398	TCP	84	40	2	2
0.153450012207	ICMP	638	638	2	4
0.168819904327	ICMP	195	195	2	2
0.643044948578	UDP	56	84	2	2
0.181619882584	ICMP	87	87	2	4
0.554610013962	TCP	414	40	2	3
1.94976615906	ICMP	656	656	2	3
0.176661014557	ICMP	726	726	2	2
0.520716190338	UDP	574	576	2	2
0.799994945526	TCP	536	40	2	2
0.581349134445	UDP	634	576	2	2
0.518393039703	ICMP	566	566	2	6
0.128417015076	ICMP	121	121	2	2
0.153483867645	UDP	221	249	2	2
0.172554016113	ICMP	674	674	2	4
0.114786148071	UDP	675	576	2	2
0.920375108719	TCP	164	40	2	2
0.182126998901	TCP	462	40	2	2
0.272391796112	UDP	869	576	2	2
0.602473974228	UDP	832	576	2	2
0.497469186783	UDP	235	263	2	3
0.186267852783	UDP	908	576	2	4
0.258260965347	TCP	743	40	2	2
1.09934902191	TCP	1057	40	2	6
1.29942107201	TCP	912	40	2	2
0.2600440979	TCP	792	40	2	2
0.492192029953	UDP	35	63	2	4
0.378798961639	TCP	1289	40	2	6
0.221128940582	TCP	1193	40	2	2
0.178787946701	TCP	1040	40	2	2
0.195671081543	TCP	1139	40	2	2
0.138086080551	ICMP	581	581	2	2
0.648333787918	ICMP	437	437	2	6
0.22977399826	UDP	914	576	2	2
0.504651069641	ICMP	104	104	2	2
0.14772605896	TCP	569	40	2	2
0.140491008759	ICMP	495	495	2	2
1.62402391434	TCP	175	40	2	2
0.227061986923	ICMP	492	492	2	2
0.184355974197	TCP	141	40	2	2
0.773530006409	ICMP	625	625	2	2
0.132941007614	TCP	1077	40	2	2
0.872884988785	TCP	245	40	2	2
0.246304035187	TCP	970	40	2	2
0.639639139175	TCP	632	40	2	2
0.171721935272	UDP	768	576	2	2
0.341452121735	TCP	600	40	2	2
0.18591094017	ICMP	716	716	2	2
0.202061891556	ICMP	264	264	2	2
0.122125864029	ICMP	170	170	2	2
0.388264894485	TCP	254	40	2	2
1.33306097984	ICMP	603	603	2	2
0.219350814819	TCP	427	40	2	4
0.196812868118	TCP	604	40	2	2
0.26766705513	TCP	1062	40	2	2
0.267107963562	ICMP	394	394	2	2
0.269779920578	ICMP	296	296	2	3
0.138515949249	TCP	114	40	2	2
0.922595977783	TCP	343	40	2	2
0.25798201561	TCP	1315	40	2	4
0.609092950821	ICMP	173	173	2	2
0.940340042114	TCP	821	40	2	3
1.82950878143	ICMP	270	270	2	2
0.916480064392	ICMP	401	401	2	2
0.204806804657	TCP	501	40	2	3
0.369697093964	TCP	985	40	2	2
0.19119811058	TCP	417	40	2	2
1.00904393196	UDP	244	272	2	2
0.23933506012	ICMP	597	597	2	3
0.180376052856	TCP	1235	40	2	2
0.379806995392	TCP	980	40	2	2
1.65778779984	ICMP	656	656	2	2
0.24961400032	TCP	677	40	2	2
0.345593929291	ICMP	299	299	2	2
0.273164987564	TCP	186	40	2	2
0.210008144379	ICMP	603	603	2	2
0.166795015335	UDP	1019	576	2	2
2.03126096725	ICMP	424	424	1	1
1.1433339119	ICMP	50	50	2	3
0.311267137527	ICMP	453	453	2	2
1.72306394577	UDP	36	64	2	2
0.189784049988	UDP	924	576	2	2
1.2686920166	ICMP	217	217	2	2
0.192915916443	ICMP	408	408	2	2
0.36082816124	ICMP	666	666	2	2
1.19659495354	TCP	669	40	2	2
0.452164173126	UDP	427	455	2	2
0.201152086258	UDP	126	154	2	2
0.20969581604	TCP	225	40	2	2
0.510159015656	TCP	1143	40	2	2
0.3158659935	TCP	738	40	2	2
0.369827032089	TCP	115	40	2	2
1.0152490139	UDP	532	560	2	4
1.04475498199	ICMP	434	434	2	2
0.366275072098	TCP	1309	40	2	2
0.488875865936	TCP	977	40	2	2
0.146488904953	TCP	458	40	2	2
2.10979986191	UDP	571	576	1	2
1.90964984894	TCP	972	40	2	2
0.269903898239	UDP	255	283	2	2
1.01994800568	UDP	984	576	2	2
0.144191980362	ICMP	438	438	2	2
0.122241973877	ICMP	224	224	2	2
0.156884908676	ICMP	545	545	2	2
0.276089906693	UDP	437	465	2	2
0.300107955933	ICMP	321	321	2	2
0.220414876938	TCP	89	40	2	2
1.05688500404	ICMP	115	115	2	2
0.511379957199	ICMP	421	421	2	2
0.188281059265	TCP	1229	40	2	2
0.120885133743	TCP	216	40	2	3
1.0013358593	TCP	381	40	2	2
0.389730215073	TCP	78	40	2	2
1.11308217049	UDP	853	576	2	2
0.207370042801	TCP	696	40	2	2
0.650250911713	TCP	288	40	2	2
0.189427852631	TCP	65	40	2	2
0.115245819092	TCP	1242	40	2	2
1.61475276947	TCP	306	40	2	2
0.332836151123	TCP	1091	40	2	2
0.335896015167	ICMP	571	571	2	2
0.356138944626	ICMP	422	422	2	2
0.538866043091	ICMP	299	299	2	2
0.231176137924	TCP	755	40	2	2
0.204121828079	ICMP	522	522	2	4
0.469913005829	ICMP	271	271	2	4
0.376914024353	TCP	1244	40	2	2
0.267328023911	UDP	344	372	2	4
0.370106935501	TCP	468	40	2	3
0.451913833618	TCP	559	40	2	5
0.528568983078	UDP	219	247	2	2
0.212070941925	TCP	310	40	2	2
0.29980301857	TCP	1075	40	2	2
0.735552072525	TCP	277	40	2	2
0.477206945419	TCP	667	40	2	2
0.112934112549	TCP	902	40	2	2
18.8795800209	TCP	871	40	1	2
24.8746271133	UDP	489	517	1	2
26.2370119095	TCP	1049	40	1	1
59.6371510029	UDP	298	326	1	1
16.4801239967	ICMP	640	640	1	1
20.6376068592	TCP	521	40	1	1
3.89134001732	TCP	722	40	1	1
4.91070103645	ICMP	290	290	1	2
41.8442509174	TCP	1040	40	1	1
6.11666297913	ICMP	95	95	1	1
59.1336679459	TCP	651	40	1	1
1.26657795906	UDP	507	535	2	2
4.09102797508	ICMP	702	702	1	1
6.85776901245	TCP	678	40	1	1
18.1158120632	ICMP	120	120	1	1
27.1767289639	UDP	939	576	1	1
0.761738061905	TCP	766	40	2	2
56.331248045	ICMP	449	449	1	1
10.4803497791	UDP	802	576	1	1
7.05573391914	ICMP	574	574	1	1
20.0615689754	UDP	577	576	1	1
8.26787805557	TCP	769	40	1	1
3.58944296837	ICMP	309	309	1	1
15.0249140263	UDP	51	79	1	1
4.07949185371	TCP	400	40	1	1
18.25167799	TCP	1144	40	1	1
3.24698901176	TCP	128	40	1	1
4.03900384903	TCP	1137	40	1	1
6.44584989548	ICMP	46	46	1	1
9.94221496582	TCP	180	40	1	1
0.597820043564	ICMP	273	273	2	2
58.0093169212	ICMP	717	717	1	1
55.2064437866	TCP	1178	40	1	1
21.622661829	UDP	529	557	1	1
2.52924799919	UDP	311	339	1	1
3.96931505203	ICMP	516	516	1	1
10.2318708897	TCP	860	40	1	1
45.3017690182	TCP	100	40	1	1
35.1469771862	ICMP	327	327	1	1
5.90324497223	TCP	1037	40	1	1
12.413380146	TCP	840	40	1	1
20.9810287952	TCP	703	40	1	1
2.82161903381	ICMP	534	534	1	1
3.97248601913	TCP	1149	40	1	1
6.16162991524	ICMP	409	409	1	1
3.85264992714	TCP	326	40	1	1
6.41082811356	UDP	218	246	1	2
46.7995579243	TCP	424	40	1	1
8.2540409565	ICMP	99	99	1	1
57.5696940422	ICMP	176	176	1	1
11.7354469299	ICMP	393	393	1	1
19.9104528427	TCP	178	40	1	1
34.202393055	ICMP	120	120	1	1
3.36851906776	UDP	903	576	1	1
7.52507805824	UDP	855	576	1	1
34.7855470181	TCP	108	40	1	1
20.4255130291	TCP	92	40	1	1
12.7662630081	TCP	74	40	1	1
28.863255024	TCP	67	40	1	1
26.0975170135	TCP	1221	40	1	1
7.88741612434	TCP	370	40	1	1
31.1205809116	TCP	1265	40	1	1
1.39219880104	TCP	918	40	2	3
19.9816820621	TCP	76	40	1	1
5.4735648632	UDP	736	576	1	1
1.09637904167	ICMP	275	275	2	2
22.288203001	TCP	295	40	1	1
15.7297551632	UDP	772	576	1	1
25.901237011	TCP	933	40	1	1
20.9640128613	TCP	1152	40	1	1
6.03949093819	TCP	956	40	1	1
10.543959856	TCP	983	40	1	1
5.15584111214	TCP	48	40	1	1
13.9720249176	TCP	1211	40	1	1
6.453083992	TCP	459	40	1	1
33.2394180298	TCP	129	40	1	1
15.8012900352	TCP	498	40	1	1
11.7715489864	UDP	163	191	1	1
22.5279350281	TCP	57	40	1	1
3.32873606682	ICMP	260	260	1	1
8.13882303238	TCP	682	40	1	1
4.7131588459	TCP	672	40	1	1
8.08985090256	UDP	1019	576	1	1
10.7355861664	TCP	276	40	1	1
29.7654490471	TCP	951	40	1	1
3.70119309425	TCP	187	40	1	1
2.77926516533	TCP	440	40	1	1
5.00185108185	TCP	968	40	1	1
8.41465997696	TCP	1332	40	1	1
14.490405798	ICMP	374	374	1	1
11.2780339718	ICMP	219	219	1	1
1.28802609444	ICMP	214	214	2	2
12.6706409454	TCP	1260	40	1	1
41.9973199368	ICMP	593	593	1	1
57.577354908	TCP	729	40	1	1
6.07394194603	UDP	543	571	1	1
5.45406889915	TCP	611	40	1	1
9.34415006638	ICMP	553	553	1	1
3.18556904793	ICMP	609	609	1	1
4.25653815269	ICMP	481	481	1	1
4.66750979424	TCP	353	40	1	1
9.12454605103	ICMP	575	575	1	1
17.9552619457	UDP	205	233	1	1
2.88203692436	TCP	791	40	1	1
7.02231502533	TCP	97	40	1	1
7.05114603043	TCP	63	40	1	1
12.0339481831	TCP	547	40	1	1
12.6534609795	TCP	1074	40	1	1
31.0020771027	ICMP	441	441	1	1
5.56660580635	ICMP	473	473	1	1
10.5104949474	TCP	527	40	1	1
0.607539892197	ICMP	663	663	2	2
21.4670360088	TCP	801	40	1	1
9.68796682358	UDP	450	478	1	1
12.2622981071	ICMP	142	142	1	1
11.5394070148	TCP	414	40	1	2
4.25189685822	UDP	702	576	1	2
5.44715094566	UDP	253	281	1	1
3.96410512924	ICMP	130	130	1	1
36.2185380459	TCP	352	40	1	1
8.14498019218	TCP	1041	40	1	2
23.4104788303	UDP	648	576	1	1
12.4246668816	UDP	809	576	1	2
5.26911306381	TCP	1016	40	1	1
13.9990539551	UDP	730	576	1	1
4.8453540802	UDP	588	576	1	1
4.65041804314	UDP	636	576	1	1
5.1819961071	TCP	73	40	1	1
22.3025569916	ICMP	169	169	1	1
3.67123985291	TCP	1084	40	1	1
5.64053106308	UDP	114	142	1	2
4.7204079628	ICMP	32	32	1	1
12.2724180222	UDP	768	576	1	2
1.17702293396	TCP	188	40	2	2
2.38863921165	ICMP	344	344	1	1
22.4626669884	ICMP	204	204	1	1
5.4622399807	TCP	1318	40	1	1
6.87474012375	ICMP	641	641	1	1
2.92932391167	UDP	583	576	1	1
6.12986493111	TCP	189	40	1	1
25.0911669731	TCP	874	40	1	1
3.89259696007	ICMP	386	386	1	1
8.41931390762	UDP	659	576	1	1
9.75750184059	UDP	873	576	1	1
2.22422814369	ICMP	119	119	1	1
12.9815580845	UDP	966	576	1	1
4.18945598602	UDP	802	576	1	3
5.92923212051	UDP	135	163	1	2
4.68735599518	TCP	494	40	1	1
2.32663583755	UDP	248	276	1	1
22.4648549557	TCP	319	40	1	1
8.07020902634	UDP	214	242	1	1
2.0088698864	TCP	784	40	1	1
10.1966779232	ICMP	544	544	1	1
19.2256259918	UDP	79	107	1	1
4.10403704643	ICMP	556	556	1	1
0.612900018692	UDP	676	576	2	2
2.02546691895	TCP	67	40	1	1
1.19297099113	TCP	885	40	2	2
5.2527680397	ICMP	713	713	1	2
24.6470780373	ICMP	29	29	1	1
7.98359203339	UDP	720	576	1	1
10.3861680031	UDP	779	576	1	1
23.3333060741	ICMP	711	711	1	1
2.88623094559	TCP	858	40	1	1
6.69141101837	TCP	474	40	1	1
3.84139490128	TCP	434	40	1	1
11.3827238083	TCP	877	40	1	1
4.69129896164	TCP	304	40	1	1
28.6302781105	TCP	198	40	1	1
2.92136120796	TCP	314	40	1	1
15.4847769737	ICMP	585	585	1	1
4.61336493492	UDP	688	576	1	1
12.0335950851	UDP	647	576	1	1
50.7694501877	ICMP	390	390	1	1
4.72914791107	TCP	480	40	1	2
8.11010313034	TCP	896	40	1	1
22.649764061	ICMP	621	621	1	2
9.41536903381	ICMP	659	659	1	1
0.714869976044	TCP	1070	40	2	2
26.5701649189	TCP	949	40	1	2
12.2020242214	ICMP	32	32	1	1
13.2076320648	TCP	952	40	1	1
6.0556871891	TCP	425	40	1	1
10.0357270241	ICMP	619	619	1	1
10.1893761158	ICMP	368	368	1	1
28.7444081306	ICMP	262	262	1	2
3.41682291031	UDP	888	576	1	1
12.8958251476	ICMP	565	565	1	1
42.6440200806	ICMP	124	124	1	1
4.85943484306	TCP	159	40	1	1
13.4168581963	ICMP	28	28	1	2
2.3924100399	ICMP	267	267	1	1
20.5992558002	TCP	239	40	1	2
8.09291982651	TCP	648	40	1	1
15.0930690765	TCP	1280	40	1	1
20.8370018005	UDP	285	313	1	1
24.1575169563	TCP	731	40	1	1
6.31357502937	UDP	717	576	1	1
6.35864210129	TCP	260	40	1	1
14.0871679783	TCP	794	40	1	1
16.6852729321	TCP	275	40	1	1
17.8075618744	TCP	834	40	1	1
6.99774980545	ICMP	509	509	1	2
5.60258507729	ICMP	440	440	1	1
33.0009841919	UDP	277	305	1	1
11.342209816	TCP	997	40	1	1
4.62628412247	ICMP	283	283	1	1
54.6459748745	TCP	269	40	1	2
1.30853891373	TCP	123	40	2	2
4.880423069	TCP	42	40	1	1
14.6040258408	TCP	206	40	1	1
6.78743982315	ICMP	213	213	1	1
51.2620279789	UDP	79	107	1	1
9.29922294617	UDP	403	431	1	1
29.3940310478	TCP	1086	40	1	1
10.201996088	ICMP	421	421	1	1
7.33195996284	UDP	943	576	1	1
14.9544181824	TCP	1042	40	1	1
57.0462501049	ICMP	403	403	1	1
7.02150511742	ICMP	31	31	1	1
3.74902200699	TCP	930	40	1	1
3.40067100525	TCP	1098	40	1	1
5.34694194794	TCP	427	40	1	1
14.6334891319	TCP	141	40	1	1
7.16420412064	UDP	524	552	1	1
10.6989920139	TCP	465	40	1	1
1.47127509117	TCP	1166	40	2	2
52.7930099964	TCP	1064	40	1	1
6.02549505234	TCP	1035	40	1	1
5.94188690186	UDP	167	195	1	2
12.3028428555	TCP	522	40	1	1
34.5893890858	TCP	1223	40	1	1
19.3408231735	TCP	520	40	1	1
1.95069384575	TCP	887	40	2	2
8.60550904274	ICMP	602	602	1	1
15.1433041096	UDP	593	576	1	1
1.25754594803	TCP	661	40	2	2
20.6399428844	TCP	369	40	1	1
11.7239019871	ICMP	215	215	1	1
9.22711706161	TCP	1182	40	1	1
21.1611919403	UDP	359	387	1	1
3.68815898895	TCP	182	40	1	1
19.2812960148	ICMP	257	257	1	1
5.6892387867	ICMP	540	540	1	2
3.92037010193	TCP	1081	40	1	1
4.21570611	TCP	84	40	1	1
23.2464189529	UDP	472	500	1	1
5.05009412766	TCP	1084	40	1	1
6.5334918499	TCP	758	40	1	1
11.3076498508	UDP	347	375	1	1
6.06775593758	TCP	1324	40	1	1
8.97957992554	TCP	45	40	1	1
4.6368560791	UDP	503	531	1	1
2.63214302063	TCP	354	40	1	1
6.51931214333	TCP	979	40	1	2
0.616971969604	TCP	851	40	2	2
7.30998492241	TCP	91	40	1	1
5.93497180939	TCP	140	40	1	1
5.98074388504	TCP	1120	40	1	1
19.7433919907	TCP	144	40	1	1
20.7305438519	TCP	199	40	1	1
6.08928513527	TCP	1046	40	1	1
23.0121240616	TCP	1252	40	1	1
25.7882599831	TCP	204	40	1	2
44.1245188713	TCP	1073	40	1	1
2.63561010361	TCP	937	40	1	1
6.51969218254	TCP	336	40	1	1
9.86918497086	UDP	418	446	1	1
7.0797829628	TCP	361	40	1	1
8.37013697624	TCP	1340	40	1	1
5.81987905502	TCP	705	40	1	1
9.42137384415	TCP	1105	40	1	1
11.5138838291	TCP	957	40	1	1
4.06866598129	TCP	903	40	1	1
2.87319898605	ICMP	544	544	1	1
2.55006694794	UDP	795	576	1	2
9.65558600426	ICMP	535	535	1	1
13.6901488304	UDP	427	455	1	2
8.1865170002	TCP	1327	40	1	1
1.26291894913	TCP	197	40	2	2
10.4211399555	ICMP	213	213	1	2
6.69994401932	TCP	1162	40	1	1
12.5127980709	ICMP	597	597	1	1
19.3815150261	ICMP	604	604	1	2
3.28046703339	UDP	990	576	1	2
42.6784780025	TCP	822	40	1	1
31.1215810776	TCP	479	40	1	1
6.48734307289	TCP	345	40	1	1
10.4763569832	UDP	206	234	1	1
25.7861020565	TCP	776	40	1	1
2.96071100235	TCP	1184	40	1	1
7.44049787521	TCP	1305	40	1	1
5.43524289131	UDP	190	218	1	1
5.52987599373	ICMP	365	365	1	1
3.30344104767	TCP	757	40	1	1
1.64887714386	TCP	871	40	2	2
3.49084210396	TCP	86	40	1	1
34.9343061447	ICMP	702	702	1	1
2.30020499229	TCP	284	40	1	1
8.64355707169	UDP	854	576	1	2
14.8813760281	UDP	368	396	1	1
7.14022302628	ICMP	146	146	1	2
1.1391518116	TCP	237	40	2	2
7.55837678909	TCP	666	40	1	3
4.95394515991	TCP	527	40	1	2
5.21571588516	UDP	904	576	1	1
12.1502110958	TCP	646	40	1	1
3.09399700165	UDP	433	461	1	1
49.3448758125	ICMP	44	44	1	2
1.48827385902	UDP	1012	576	2	2
2.41449308395	TCP	1231	40	1	1
34.9891958237	ICMP	276	276	1	1
16.4470701218	ICMP	512	512	1	2
2.91230201721	TCP	1328	40	1	1
2.10022711754	TCP	1059	40	1	1
5.10808801651	ICMP	354	354	1	1
2.01277589798	ICMP	208	208	1	1
7.32029104233	TCP	169	40	1	1
5.86050701141	TCP	437	40	1	1
17.2937068939	TCP	1267	40	1	1
1.34273600578	ICMP	41	41	2	2
21.9686551094	TCP	1122	40	1	1
7.76085805893	TCP	600	40	1	1
6.04169511795	UDP	167	195	1	1
7.52088904381	ICMP	408	408	1	1
3.05274701118	UDP	180	208	1	2
7.43524599075	TCP	598	40	1	2
19.4182879925	TCP	1143	40	1	1
42.2047359943	TCP	69	40	1	1
1.08545017242	TCP	148	40	2	2
4.09044790268	ICMP	645	645	1	1
2.71154212952	ICMP	469	469	1	2
1.576431036	ICMP	410	410	2	2
4.58180189133	TCP	385	40	1	2
4.89076805115	ICMP	197	197	1	1
4.30403518677	TCP	1175	40	1	1
19.7757329941	ICMP	658	658	1	1
43.704144001	ICMP	262	262	1	1
7.69969105721	UDP	299	327	1	1
8.74611902237	TCP	326	40	1	1
10.1602919102	TCP	1138	40	1	1
5.5614221096	TCP	205	40	1	1
3.12592697144	ICMP	421	421	1	1
14.7540950775	TCP	1130	40	1	1
2.70500802994	ICMP	606	606	1	1
13.3346629143	TCP	1089	40	1	1
3.88064002991	TCP	808	40	1	1
21.6926689148	TCP	200	40	1	1
2.79863286018	ICMP	175	175	1	1
14.457971096	ICMP	670	670	1	1
5.80786085129	TCP	1215	40	1	1
4.38635396957	ICMP	242	242	1	1
7.42899489403	TCP	711	40	1	1
58.1744048595	ICMP	521	521	1	1
1.43416619301	ICMP	154	154	2	2
5.90676903725	TCP	52	40	1	1
3.62403416634	TCP	1180	40	1	1
6.20715403557	ICMP	110	110	1	1
6.38018012047	TCP	1035	40	1	1
55.3021810055	TCP	1062	40	1	2
56.5306341648	TCP	311	40	1	1
0.81209397316	TCP	581	40	2	2
2.48710417747	TCP	656	40	1	1
22.4668011665	TCP	441	40	1	2
4.52010798454	TCP	305	40	1	1
8.80476498604	ICMP	707	707	1	2
8.33142089844	ICMP	701	701	1	1
57.6513609886	UDP	427	455	1	1
25.5834081173	ICMP	251	251	1	1
2.64296007156	ICMP	93	93	1	1
7.1763241291	TCP	452	40	1	2
5.88269710541	TCP	1325	40	1	2
4.55642294884	TCP	1284	40	1	1
1.83213114738	ICMP	335	335	2	2
34.4498159885	TCP	846	40	1	1
20.0003910065	UDP	201	229	1	1
5.58456897736	ICMP	497	497	1	1
6.49408102036	TCP	443	40	1	1
46.0011680126	ICMP	213	213	1	1
10.9907469749	ICMP	136	136	1	1
3.52154707909	ICMP	185	185	1	1
10.6214530468	TCP	568	40	1	1
26.0656690598	ICMP	567	567	1	1
43.5770740509	TCP	874	40	1	1
15.2221291065	ICMP	344	344	1	1
3.87681984901	TCP	530	40	1	1
4.5758099556	TCP	819	40	1	3
5.2396709919	ICMP	581	581	1	1
16.4842970371	TCP	997	40	1	1
8.56991314888	ICMP	323	323	1	1
49.3738691807	ICMP	474	474	1	1
14.3195490837	ICMP	723	723	1	1
6.49252104759	ICMP	414	414	1	1
1.32582783699	TCP	140	40	2	2
5.37082600594	UDP	727	576	1	1
18.5127818584	ICMP	701	701	1	2
12.9207000732	ICMP	35	35	1	1
7.57844614983	ICMP	285	285	1	1
6.18140411377	ICMP	513	513	1	1
46.163615942	TCP	1093	40	1	1
2.98500704765	ICMP	688	688	1	1
4.82075595856	TCP	1239	40	1	1
3.30278110504	TCP	688	40	1	1
7.85635399818	TCP	99	40	1	1
9.97096896172	ICMP	216	216	1	1
3.93276190758	ICMP	544	544	1	1
6.28898215294	ICMP	242	242	1	1
12.5458569527	UDP	65	93	1	1
5.31230187416	ICMP	276	276	1	1
8.83159399033	TCP	775	40	1	1
4.15735507011	TCP	441	40	1	1
4.87758302689	ICMP	726	726	1	1
3.99040293694	ICMP	422	422	1	1
39.412938118	TCP	773	40	1	1
3.82225012779	UDP	753	576	1	1
13.0122439861	TCP	332	40	1	1
11.3009488583	TCP	606	40	1	1
4.13117218018	TCP	1024	40	1	1
3.80125308037	UDP	160	188	1	1
3.62480187416	UDP	275	303	1	1
5.0600399971	ICMP	373	373	1	1
5.95090413094	ICMP	340	340	1	1
1.96733498573	TCP	114	40	2	2
6.41986393929	TCP	248	40	1	1
6.84960579872	ICMP	630	630	1	1
7.04099583626	ICMP	149	149	1	2
9.75202012062	UDP	876	576	1	1
8.92813777924	ICMP	638	638	1	1
2.49231386185	TCP	1102	40	1	1
6.10494399071	TCP	239	40	1	1
7.73418092728	ICMP	182	182	1	1
36.2332248688	TCP	759	40	1	1
7.66329312325	ICMP	514	514	1	1
1.82300901413	UDP	338	366	2	2
1.25757312775	UDP	965	576	2	2
6.43830704689	TCP	1231	40	1	1
6.02660799026	TCP	1121	40	1	1
1.76987600327	ICMP	605	605	2	2
3.69733214378	ICMP	568	568	1	1
4.43768787384	TCP	271	40	1	1
8.72491717339	TCP	842	40	1	1
20.0939929485	ICMP	646	646	1	1
21.0877029896	ICMP	39	39	1	1
7.49802017212	UDP	478	506	1	1
9.22008013725	TCP	326	40	1	1
3.39909696579	TCP	204	40	1	1
4.27891516685	ICMP	285	285	1	1
2.77426218987	ICMP	131	131	1	1
3.98459100723	UDP	163	191	1	1
29.8773398399	TCP	803	40	1	1
4.76634693146	ICMP	556	556	1	1
15.9974880219	UDP	877	576	1	1
5.02188611031	TCP	416	40	1	3
11.7690250874	ICMP	307	307	1	1
19.9271469116	UDP	28	56	1	1
3.93056106567	TCP	675	40	1	1
8.34017777443	TCP	577	40	1	2
15.9727609158	ICMP	321	321	1	1
14.7892210484	UDP	843	576	1	1
13.0960781574	TCP	924	40	1	1
31.9470450878	ICMP	235	235	1	1
1.46932792664	TCP	579	40	2	2
7.97067093849	ICMP	167	167	1	1
10.7972841263	TCP	673	40	1	1
8.86735391617	UDP	80	108	1	2
56.7968671322	ICMP	89	89	1	2
8.06870102882	TCP	780	40	1	1
55.2609648705	UDP	432	460	1	1
10.5714421272	TCP	1031	40	1	1
26.3522770405	ICMP	646	646	1	1
4.72023296356	TCP	541	40	1	1
8.99534106255	UDP	1021	576	1	1
4.59504103661	TCP	174	40	1	1
8.12967395782	TCP	581	40	1	2
43.2865841389	TCP	694	40	1	1
11.5921289921	TCP	568	40	1	1
5.63905286789	TCP	1261	40	1	1
4.64466285706	TCP	854	40	1	1
7.76079297066	UDP	743	576	1	1
6.26506614685	UDP	740	576	1	1
22.9930632114	UDP	655	576	1	2
13.7806429863	ICMP	176	176	1	1
3.30689501762	TCP	676	40	1	1
7.19780993462	UDP	177	205	1	1
8.19350409508	TCP	1141	40	1	1
2.75405216217	ICMP	679	679	1	1
3.82323884964	ICMP	82	82	1	1
17.2015190125	TCP	886	40	1	1
3.53099822998	UDP	507	535	1	1
5.69336390495	TCP	670	40	1	1
4.1109290123	TCP	46	40	1	1
5.63027715683	TCP	1119	40	1	2
58.2485649586	TCP	1286	40	1	1
39.0882611275	UDP	240	268	1	2
28.6086227894	UDP	245	273	1	1
13.0462911129	UDP	662	576	1	1
58.9051511288	ICMP	656	656	1	1
43.6261911392	TCP	75	40	1	1
30.8792991638	ICMP	291	291	1	1
12.4029049873	UDP	918	576	1	1
2.01163482666	TCP	672	40	1	1
22.59973979	TCP	335	40	1	1
13.0364849567	TCP	882	40	1	1
22.390059948	UDP	246	274	1	1
9.82006287575	ICMP	282	282	1	1
4.36273193359	ICMP	78	78	1	2
11.9252309799	ICMP	679	679	1	1
6.85579800606	TCP	357	40	1	1
2.04080104828	TCP	861	40	1	1
9.86463689804	UDP	445	473	1	1
3.80682992935	ICMP	79	79	1	1
5.44878911972	TCP	1108	40	1	1
4.55447721481	TCP	1339	40	1	1
6.08938288689	ICMP	640	640	1	1
5.29399800301	TCP	1309	40	1	1
5.14641499519	TCP	605	40	1	1
31.0134031773	UDP	1020	576	1	1
7.12502193451	TCP	619	40	1	1
8.59010696411	UDP	797	576	1	1
20.0586469173	TCP	1106	40	1	1
10.4728209972	TCP	1006	40	1	1
3.91095089912	TCP	95	40	1	2
10.8200101852	ICMP	28	28	1	1
8.10668802261	TCP	413	40	1	1
0.931235074997	TCP	1006	40	2	2
4.27736783028	ICMP	314	314	1	1
6.81449604034	TCP	889	40	1	1
40.1455001831	TCP	1230	40	1	1
4.84414815903	TCP	424	40	1	1
9.62872004509	TCP	1116	40	1	1
9.12988901138	TCP	400	40	1	1
12.2367739677	TCP	275	40	1	1
7.54520821571	TCP	1009	40	1	1
4.93527889252	ICMP	232	232	1	1
12.0589649677	UDP	937	576	1	1
3.65333509445	TCP	486	40	1	1
14.209332943	UDP	182	210	1	1
0.817482948303	UDP	1012	576	2	2
2.83383703232	TCP	1165	40	1	1
8.33341908455	TCP	1212	40	1	1
18.7677841187	ICMP	352	352	1	1
8.05966305733	ICMP	320	320	1	1
14.2842538357	TCP	851	40	1	1
4.35594797134	TCP	461	40	1	1
7.15953588486	TCP	1220	40	1	1
2.59854888916	TCP	933	40	1	1
6.24773216248	ICMP	248	248	1	1
10.1715631485	TCP	1276	40	1	1
15.8452789783	UDP	107	135	1	1
9.91187787056	ICMP	96	96	1	1
16.641520977	TCP	1169	40	1	2
10.0220351219	TCP	270	40	1	2
22.0808470249	TCP	80	40	1	1
30.1132428646	ICMP	128	128	1	1
25.2749011517	ICMP	67	67	1	2
12.3078300953	UDP	1018	576	1	1
44.5779180527	TCP	1165	40	1	1
29.4680299759	TCP	931	40	1	1
20.3371038437	TCP	447	40	1	1
3.66358184814	TCP	613	40	1	1
2.52287220955	TCP	947	40	1	1
58.9332709312	TCP	769	40	1	1
8.55741882324	TCP	435	40	1	1
0.953534841537	ICMP	555	555	2	2
10.939674139	ICMP	608	608	1	1
2.79948687553	TCP	69	40	1	1
19.6094918251	UDP	491	519	1	1
11.0499560833	UDP	993	576	1	1
4.81214618683	TCP	895	40	1	1
7.1669690609	ICMP	507	507	1	1
1.00905990601	TCP	1124	40	2	2
5.25289988518	TCP	1128	40	1	2
14.5807359219	TCP	102	40	1	1
3.70624685287	TCP	847	40	1	1
41.5939621925	UDP	940	576	1	2
19.2730309963	ICMP	537	537	1	1
14.015086174	TCP	529	40	1	1
8.65269804001	UDP	818	576	1	1
5.99228596687	UDP	724	576	1	1
9.45350909233	UDP	496	524	1	2
5.9828209877	ICMP	35	35	1	1
54.7136561871	TCP	1231	40	1	1
2.50895094872	TCP	705	40	1	1
14.32107687	UDP	223	251	1	1
11.8553609848	TCP	1191	40	1	1
56.9795110226	UDP	237	265	1	1
4.36142897606	ICMP	147	147	1	1
3.25929784775	ICMP	569	569	1	2
5.20615100861	TCP	1033	40	1	1
33.3519339561	ICMP	417	417	1	1
13.2631800175	ICMP	226	226	1	1
19.6134870052	TCP	1129	40	1	1
58.4163818359	TCP	68	40	1	1
0.611320972443	TCP	454	40	2	2
10.0544769764	TCP	219	40	1	1
13.0638859272	TCP	567	40	1	1
6.93499207497	TCP	732	40	1	1
4.42550110817	TCP	119	40	1	1
4.87698602676	TCP	64	40	1	2
0.918352842331	UDP	315	343	2	2
7.31395316124	TCP	1068	40	1	1
7.84968209267	TCP	316	40	1	1
6.75309586525	TCP	652	40	1	1
5.63846683502	TCP	226	40	1	1
13.0273239613	TCP	213	40	1	1
10.0591540337	TCP	821	40	1	1
10.7002048492	TCP	865	40	1	1
5.25003814697	TCP	1200	40	1	1
2.48414897919	UDP	440	468	1	1
38.9117279053	ICMP	59	59	1	2
2.79251408577	UDP	233	261	1	1
3.77102398872	TCP	562	40	1	1
34.8735320568	TCP	838	40	1	2
57.2539010048	TCP	754	40	1	1
7.65862607956	TCP	671	40	1	1
11.0994348526	TCP	659	40	1	1
3.44012594223	TCP	1308	40	1	1
1.60246992111	TCP	579	40	2	2
1.3762922287	UDP	573	576	2	2
2.1768848896	UDP	52	80	1	1
7.57547402382	UDP	516	544	1	1
3.59924507141	TCP	673	40	1	1
4.89626598358	UDP	421	449	1	1
14.1886088848	UDP	66	94	1	1
4.62560892105	TCP	609	40	1	1
6.77039694786	TCP	488	40	1	1
2.15410494804	TCP	989	40	1	1
23.0773780346	TCP	991	40	1	1
25.8664062023	TCP	562	40	1	1
12.6718759537	ICMP	670	670	1	1
3.50145602226	TCP	773	40	1	1
41.9597821236	TCP	513	40	1	1
6.8020298481	UDP	696	576	1	2
2.02655005455	ICMP	549	549	1	1
21.6381850243	TCP	897	40	1	1
8.25494599342	TCP	778	40	1	1
5.63292503357	TCP	42	40	1	2
12.1614739895	TCP	620	40	1	1
10.762969017	UDP	340	368	1	1
3.63044905663	TCP	694	40	1	1
6.49257397652	TCP	1123	40	1	1
9.88682079315	TCP	130	40	1	1
55.2632169724	ICMP	29	29	1	1
6.96544194221	ICMP	442	442	1	1
3.82666802406	TCP	739	40	1	1
2.87023496628	TCP	290	40	1	2
2.60574507713	TCP	800	40	1	1
12.5944700241	UDP	234	262	1	1
12.3497750759	ICMP	486	486	1	1
21.0933499336	ICMP	54	54	1	1
7.25453591347	TCP	820	40	1	1
5.65621495247	TCP	532	40	1	1
17.8914370537	TCP	409	40	1	1
0.625430822372	ICMP	640	640	2	2
57.813863039	TCP	179	40	1	1
13.6074199677	TCP	458	40	1	1
5.30946397781	TCP	873	40	1	2
9.51601886749	ICMP	171	171	1	1
6.07124400139	TCP	554	40	1	1
6.17987799644	UDP	1007	576	1	1
3.9029109478	ICMP	87	87	1	1
34.9003498554	TCP	422	40	1	1
6.43905997276	TCP	507	40	1	1
3.03809785843	ICMP	263	263	1	1
56.6060330868	TCP	1032	40	1	1
9.20322608948	ICMP	333	333	1	1
24.9329500198	TCP	1326	40	1	1
6.56467795372	TCP	169	40	1	1
4.21340703964	ICMP	586	586	1	1
3.03903317451	ICMP	159	159	1	1
7.06915092468	TCP	1195	40	1	1
7.27257800102	UDP	873	576	1	1
6.74170899391	UDP	677	576	1	1
20.7954990864	ICMP	164	164	1	1
21.5029428005	UDP	720	576	1	1
1.75043511391	ICMP	367	367	2	2
15.4560480118	TCP	1249	40	1	1
9.79756593704	ICMP	394	394	1	1
7.24295020103	ICMP	566	566	1	1
4.17947411537	TCP	1208	40	1	1
3.06759285927	ICMP	406	406	1	1
5.73758506775	ICMP	493	493	1	1
32.9357171059	ICMP	688	688	1	3
43.636826992	TCP	673	40	1	1
4.74687290192	ICMP	123	123	1	1
20.4859769344	ICMP	121	121	1	1
6.05586194992	TCP	64	40	1	1
2.97287201881	UDP	172	200	1	1
11.9483690262	ICMP	622	622	1	1
3.2702460289	UDP	744	576	1	2
5.75916409492	TCP	702	40	1	1
17.5995781422	TCP	746	40	1	1
6.22429299355	TCP	1122	40	1	1
8.15675210953	TCP	817	40	1	1
4.7616789341	ICMP	500	500	1	1
1.91961288452	TCP	321	40	2	2
3.01575994492	TCP	454	40	1	1
10.419506073	ICMP	420	420	1	1
31.5736558437	ICMP	64	64	1	2
2.9244890213	UDP	1019	576	1	1
8.4514439106	TCP	539	40	1	1
20.4195940495	TCP	1224	40	1	1
4.09797096252	ICMP	725	725	1	1
3.8816781044	ICMP	200	200	1	1
19.30885005	ICMP	722	722	1	2
3.27766895294	TCP	816	40	1	1
6.26266598701	UDP	185	213	1	1
13.0720438957	TCP	335	40	1	1
4.07604908943	UDP	166	194	1	1
55.2373328209	ICMP	116	116	1	1
56.5303339958	TCP	1276	40	1	1
1.62195301056	TCP	126	40	2	2
3.28033304214	TCP	110	40	1	1
3.15562796593	TCP	622	40	1	1
10.2861220837	ICMP	684	684	1	1
1.94977784157	TCP	901	40	2	2
11.7653210163	UDP	70	98	1	1
22.3082752228	UDP	129	157	1	1
14.4699280262	ICMP	244	244	1	1
45.3996679783	TCP	1107	40	1	1
8.06092596054	TCP	274	40	1	1
8.20713710785	UDP	330	358	1	1
1.05096411705	TCP	1319	40	2	2
9.15617108345	ICMP	591	591	1	1
4.24123716354	UDP	34	62	1	1
2.79690599442	ICMP	428	428	1	2
2.13199687004	ICMP	559	559	1	1
21.1026420593	TCP	329	40	1	1
58.6423859596	TCP	746	40	1	1
4.90736699104	TCP	75	40	1	1
13.5713150501	ICMP	716	716	1	1
12.0736260414	ICMP	500	500	1	1
8.79075503349	TCP	379	40	1	1
2.43410110474	UDP	67	95	1	1
45.5306420326	TCP	546	40	1	1
3.72836899757	ICMP	474	474	1	1
5.03106784821	TCP	393	40	1	1
6.05010414124	UDP	513	541	1	1
33.6540839672	TCP	1294	40	1	1
9.51300597191	UDP	687	576	1	1
42.183150053	ICMP	611	611	1	1
1.97599291801	TCP	1241	40	2	2
0.786021947861	TCP	805	40	2	2
7.2032930851	TCP	711	40	1	1
5.86997795105	TCP	592	40	1	1
33.9954538345	ICMP	271	271	1	1
3.93200206757	ICMP	465	465	1	1
4.93996095657	ICMP	330	330	1	1
7.75589513779	TCP	851	40	1	1
5.99775791168	ICMP	92	92	1	1
22.8958601952	UDP	961	576	1	1
22.0279650688	TCP	692	40	1	1
4.59746098518	ICMP	536	536	1	1
4.26463007927	TCP	882	40	1	1
1.41661310196	ICMP	344	344	2	2
7.38255810738	TCP	348	40	1	1
6.8219640255	TCP	944	40	1	1
9.55758404732	ICMP	192	192	1	1
13.1307020187	ICMP	453	453	1	1
11.5806689262	ICMP	566	566	1	1
4.94246602058	TCP	386	40	1	1
4.06957697868	TCP	1106	40	1	1
31.7034211159	UDP	366	394	1	1
10.1408030987	ICMP	229	229	1	1
2.65865898132	ICMP	225	225	1	1
1.37467503548	TCP	854	40	2	2
13.3138649464	ICMP	329	329	1	1
4.32311415672	ICMP	409	409	1	1
55.2969629765	UDP	470	498	1	2
6.71181797981	ICMP	302	302	1	1
6.09282898903	UDP	806	576	1	1
4.73656201363	ICMP	515	515	1	1
1.71142315865	TCP	890	40	2	2
11.4955050945	UDP	146	174	1	1
3.88745188713	TCP	265	40	1	1
3.38548898697	UDP	976	576	1	2
2.8569560051	TCP	307	40	1	1
11.5831251144	TCP	277	40	1	1
1.7839589119	TCP	1239	40	2	3
23.0992350578	TCP	293	40	1	1
9.34294605255	ICMP	552	552	1	1
2.50301504135	TCP	766	40	1	1
34.8143389225	ICMP	351	351	1	1
43.4897298813	ICMP	224	224	1	1
3.19325494766	ICMP	583	583	1	1
6.45006108284	TCP	48	40	1	3
3.31400799751	ICMP	666	666	1	1
58.1112179756	TCP	967	40	1	1
20.9206569195	ICMP	522	522	1	1
8.59266996384	UDP	40	68	1	1
38.5717298985	TCP	861	40	1	1
11.71676898	ICMP	429	429	1	1
7.22006201744	UDP	814	576	1	1
10.0104310513	TCP	317	40	1	1
11.4922959805	ICMP	244	244	1	1
3.90748381615	ICMP	248	248	1	1
21.0418970585	TCP	332	40	1	1
2.39034891129	TCP	43	40	1	1
12.4105780125	UDP	693	576	1	1
57.435739994	ICMP	262	262	1	1
11.7103672028	TCP	324	40	1	2
7.39802718163	ICMP	388	388	1	1
5.30190110207	UDP	338	366	1	1
6.87951517105	ICMP	364	364	1	1
7.21346306801	TCP	772	40	1	2
8.15054512024	UDP	589	576	1	1
1.82190895081	TCP	1067	40	2	2
16.6586871147	TCP	177	40	1	2
6.12094211578	UDP	296	324	1	1
29.8699140549	ICMP	676	676	1	1
6.73947095871	TCP	836	40	1	1
7.02122306824	UDP	733	576	1	1
19.3045730591	ICMP	636	636	1	1
14.3073341846	ICMP	505	505	1	1
3.1704390049	TCP	127	40	1	1
5.21712398529	ICMP	324	324	1	1
8.60626006126	TCP	802	40	1	1
5.69585704803	ICMP	282	282	1	1
6.95086812973	TCP	283	40	1	1
4.01969099045	ICMP	548	548	1	2
5.39999699593	ICMP	308	308	1	1
2.55749392509	TCP	327	40	1	1
3.65895605087	UDP	943	576	1	1
4.1407160759	TCP	652	40	1	2
6.41916394234	TCP	933	40	1	1
4.13122010231	ICMP	180	180	1	1
2.15259504318	UDP	143	171	1	1
20.9010159969	ICMP	696	696	1	1
9.58143115044	ICMP	609	609	1	1
12.9474160671	TCP	61	40	1	1
2.85813379288	TCP	1014	40	1	1
6.56973195076	TCP	1049	40	1	1
57.9534590244	ICMP	63	63	1	1
8.59343695641	TCP	527	40	1	1
4.93091392517	ICMP	577	577	1	1
4.72499489784	TCP	753	40	1	1
2.82967090607	UDP	480	508	1	1
4.01770114899	TCP	537	40	1	1
9.72088909149	TCP	295	40	1	1
3.33864998817	TCP	1081	40	1	1
5.86946702003	TCP	302	40	1	1
7.88619494438	TCP	1087	40	1	1
2.83530402184	TCP	871	40	1	1
2.79512310028	TCP	761	40	1	1
10.283228159	TCP	1309	40	1	1
6.175096035	TCP	1261	40	1	1
7.0203871727	UDP	515	543	1	1
9.36359405518	ICMP	587	587	1	1
6.57798099518	TCP	1204	40	1	1
6.16209101677	UDP	850	576	1	2
14.50613904	TCP	1338	40	1	1
2.16076016426	TCP	53	40	1	1
42.9651749134	TCP	365	40	1	1
2.7127790451	ICMP	196	196	1	1
2.64070296288	TCP	810	40	1	1
5.62917804718	TCP	1232	40	1	1
27.4821038246	UDP	538	566	1	1
55.1763818264	TCP	1164	40	1	1
3.34519600868	ICMP	691	691	1	1
4.42012000084	ICMP	189	189	1	1
23.3975410461	TCP	1168	40	1	1
4.26324486732	TCP	1197	40	1	1
9.48985695839	TCP	732	40	1	1
0.879426002502	TCP	440	40	2	2
7.14080691338	UDP	871	576	1	1
10.3366379738	ICMP	97	97	1	1
4.03746199608	ICMP	78	78	1	1
2.95562696457	TCP	368	40	1	1
45.8270719051	ICMP	178	178	1	1
9.91083502769	ICMP	123	123	1	1
7.49028015137	TCP	60	40	1	1
3.7667028904	ICMP	394	394	1	2
2.30668210983	TCP	1292	40	1	1
10.1919939518	UDP	516	544	1	1
1.47306585312	TCP	1224	40	2	2
15.1937048435	TCP	963	40	1	1
19.2923660278	TCP	993	40	1	1
2.15146398544	TCP	1099	40	1	1
59.3243350983	TCP	850	40	1	2
11.3329861164	ICMP	94	94	1	1
6.44822692871	UDP	692	576	1	1
9.40642905235	TCP	756	40	1	1
13.0122890472	TCP	779	40	1	1
4.58945989609	TCP	1193	40	1	1
4.19670891762	ICMP	408	408	1	1
3.87866806984	TCP	266	40	1	2
7.00651502609	ICMP	339	339	1	1
4.40901398659	TCP	73	40	1	1
1.84605193138	ICMP	119	119	2	2
15.0673727989	TCP	695	40	1	1
5.71109604836	TCP	336	40	1	1
9.87461900711	UDP	295	323	1	1
1.79889893532	ICMP	708	708	2	2
9.79512405396	UDP	348	376	1	1
20.3431341648	ICMP	262	262	1	1
7.65820002556	TCP	446	40	1	1
3.29130506516	TCP	695	40	1	2
8.35574698448	TCP	138	40	1	1
5.10589599609	ICMP	668	668	1	1
5.21144795418	UDP	296	324	1	2
22.9649529457	TCP	1307	40	1	1
43.704267025	ICMP	295	295	1	1
14.4625561237	UDP	565	576	1	1
5.81777596474	ICMP	480	480	1	1
11.2930698395	TCP	143	40	1	1
4.84625792503	UDP	579	576	1	1
12.5090448856	TCP	266	40	1	1
10.4366240501	TCP	1314	40	1	1
12.6228320599	ICMP	356	356	1	1
10.3199830055	ICMP	456	456	1	1
5.52443099022	UDP	186	214	1	2
1.22467207909	ICMP	619	619	2	2
10.0897390842	ICMP	460	460	1	2
11.4092011452	TCP	857	40	1	1
7.93199491501	ICMP	603	603	1	1
7.66689109802	TCP	1262	40	1	1
3.67681407928	ICMP	554	554	1	1
2.57272100449	TCP	869	40	1	1
17.0441269875	TCP	343	40	1	1
23.923719883	TCP	1055	40	1	1
4.49451184273	TCP	1152	40	1	1
6.29063200951	ICMP	402	402	1	1
54.4887440205	TCP	1331	40	1	1
8.56921410561	TCP	1028	40	1	1
9.99325704575	TCP	473	40	1	1
2.23688101768	UDP	616	576	1	1
23.5268359184	ICMP	309	309	1	2
30.7862229347	TCP	696	40	1	1
4.71802806854	TCP	871	40	1	1
7.65872383118	ICMP	60	60	1	1
2.5645070076	UDP	212	240	1	1
28.5971810818	TCP	1233	40	1	1
57.8528380394	TCP	397	40	1	2
10.7046980858	TCP	906	40	1	1
9.66019797325	TCP	281	40	1	2
4.20683503151	TCP	950	40	1	1
12.3298428059	ICMP	172	172	1	1
31.0693449974	TCP	829	40	1	1
59.5809190273	TCP	690	40	1	1
6.88245296478	ICMP	674	674	1	1
4.09423899651	TCP	1113	40	1	1
57.9134337902	ICMP	577	577	1	1
13.2915349007	TCP	1264	40	1	1
10.7710418701	TCP	1126	40	1	1
8.72956395149	TCP	635	40	1	1
8.55432510376	ICMP	656	656	1	1
59.0635271072	ICMP	390	390	1	1
5.00099492073	UDP	763	576	1	1
0.964493989944	ICMP	669	669	2	2
3.44769692421	TCP	348	40	1	1
24.7315990925	UDP	33	61	1	1
10.8373298645	UDP	706	576	1	2
53.0753829479	ICMP	508	508	1	2
53.4223191738	TCP	175	40	1	1
5.0564160347	UDP	1011	576	1	1
3.91311097145	TCP	563	40	1	1
10.7686760426	ICMP	393	393	1	1
25.3393101692	ICMP	209	209	1	1
10.4938201904	ICMP	710	710	1	1
6.23193192482	TCP	1063	40	1	1
22.5976600647	ICMP	54	54	1	1
21.5219969749	TCP	1152	40	1	1
13.8531181812	ICMP	202	202	1	1
9.39019298553	ICMP	665	665	1	1
14.5843350887	UDP	460	488	1	1
10.5988709927	TCP	848	40	1	1
28.9825751781	TCP	806	40	1	1
13.3111600876	TCP	100	40	1	1
1.44874382019	TCP	810	40	2	2
3.31735110283	ICMP	264	264	1	1
9.12124300003	TCP	219	40	1	1
5.27329993248	ICMP	602	602	1	1
8.07545185089	TCP	1321	40	1	1
19.8459098339	TCP	764	40	1	1
5.17677688599	UDP	707	576	1	1
23.1608359814	TCP	775	40	1	2
1.55857014656	ICMP	57	57	2	2
8.94972300529	UDP	626	576	1	1
6.37107515335	UDP	958	576	1	1
4.46286201477	ICMP	388	388	1	1
2.4300339222	ICMP	45	45	1	1
6.90482401848	UDP	662	576	1	1
13.8560171127	TCP	976	40	1	1
18.1455001831	ICMP	566	566	1	1
3.07157611847	ICMP	300	300	1	1
11.2025918961	ICMP	555	555	1	1
4.09003806114	TCP	41	40	1	1
3.67964982986	TCP	350	40	1	2
20.2316491604	UDP	711	576	1	1
7.47131085396	TCP	1106	40	1	1
15.7055768967	TCP	1243	40	1	2
12.1460781097	TCP	365	40	1	1
4.6514210701	UDP	231	259	1	1
6.05594301224	TCP	494	40	1	1
4.60077381134	UDP	833	576	1	1
5.43893790245	TCP	1088	40	1	2
6.03283500671	ICMP	724	724	1	1
3.92623305321	TCP	1159	40	1	1
7.60089206696	TCP	320	40	1	1
8.33134889603	ICMP	323	323	1	1
11.714910984	TCP	657	40	1	1
1.96253204346	ICMP	407	407	2	2
8.31235194206	UDP	286	314	1	1
29.2770118713	TCP	882	40	1	1
21.8263909817	TCP	533	40	1	1
6.19638895988	ICMP	721	721	1	1
32.2073249817	UDP	103	131	1	1
6.77060294151	UDP	560	576	1	1
9.20094704628	TCP	736	40	1	1
10.4000990391	ICMP	450	450	1	1
41.4973120689	TCP	1129	40	1	1
1.76441979408	UDP	299	327	2	2
6.14108085632	UDP	446	474	1	1
13.7302331924	UDP	179	207	1	1
4.6606221199	UDP	972	576	1	1
8.0600938797	ICMP	220	220	1	1
13.9119188786	ICMP	148	148	1	1
3.41558098793	UDP	469	497	1	1
1.46004509926	TCP	850	40	2	2
27.0689070225	TCP	1222	40	1	1
18.1265320778	ICMP	599	599	1	1
2.54900288582	ICMP	162	162	1	1
32.943860054	UDP	579	576	1	1
7.68974685669	TCP	98	40	1	1
10.3908879757	UDP	478	506	1	2
9.96974420547	ICMP	254	254	1	2
1.54841995239	TCP	1022	40	2	2
10.8457570076	TCP	483	40	1	1
10.6405038834	TCP	40	40	1	1
13.3116810322	TCP	57	40	1	1
2.85785794258	ICMP	474	474	1	1
3.94472908974	TCP	981	40	1	1
10.0705869198	TCP	160	40	1	1
7.77645087242	ICMP	459	459	1	1
43.6134109497	TCP	75	40	1	1
10.9924080372	UDP	519	547	1	2
2.40946292877	UDP	748	576	1	1
19.5959031582	UDP	793	576	1	1
3.59935212135	TCP	809	40	1	1
57.5873122215	TCP	542	40	1	1
7.0789899826	UDP	363	391	1	1
8.61832809448	TCP	1028	40	1	1
4.51606488228	ICMP	334	334	1	1
0.614762067795	TCP	1121	40	2	2
5.71001815796	TCP	1121	40	1	2
4.25540685654	TCP	390	40	1	1
3.86700487137	UDP	390	418	1	1
2.25766301155	TCP	1115	40	1	1
42.4303748608	UDP	854	576	1	1
3.11145401001	TCP	442	40	1	1
12.3775441647	UDP	457	485	1	1
8.03546309471	TCP	410	40	1	1
5.4871878624	TCP	1071	40	1	1
2.8809709549	UDP	648	576	1	1
4.5010881424	ICMP	416	416	1	1
57.9290611744	ICMP	177	177	1	1
2.57552599907	UDP	44	72	1	1
4.77982902527	TCP	149	40	1	2
3.96734809875	TCP	1200	40	1	1
11.6517469883	TCP	934	40	1	1
3.75865602493	TCP	1077	40	1	1
6.38221478462	TCP	1021	40	1	2
5.31201910973	TCP	1250	40	1	1
2.54857707024	ICMP	365	365	1	1
27.2498929501	ICMP	639	639	1	1
5.10045409203	UDP	623	576	1	1
13.0657320023	TCP	251	40	1	1
9.88857007027	ICMP	64	64	1	1
5.9595990181	UDP	409	437	1	1
0.717851877213	ICMP	382	382	2	2
10.4577741623	TCP	356	40	1	1
3.74346494675	TCP	1274	40	1	1
4.20558905602	UDP	804	576	1	1
39.1465358734	UDP	87	115	1	1
3.51025485992	TCP	69	40	1	1
8.62110209465	TCP	944	40	1	2
4.73216700554	ICMP	94	94	1	2
2.38092899323	TCP	290	40	1	1
16.743044138	ICMP	160	160	1	1
9.19031691551	ICMP	424	424	1	1
9.44407892227	ICMP	678	678	1	1
8.2030711174	UDP	34	62	1	1
16.4694719315	UDP	1022	576	1	1
6.98049020767	ICMP	356	356	1	1
15.1455738544	UDP	616	576	1	2
5.74340009689	UDP	110	138	1	1
3.72665596008	ICMP	405	405	1	1
7.71117782593	ICMP	533	533	1	1
8.22263598442	TCP	943	40	1	1
3.18007612228	ICMP	565	565	1	1
8.17116904259	TCP	1067	40	1	1
3.61990189552	ICMP	270	270	1	1
8.80590200424	TCP	1066	40	1	1
4.29562497139	UDP	115	143	1	1
11.7115550041	UDP	558	576	1	1
10.029968977	TCP	421	40	1	1
4.11583781242	TCP	398	40	1	1
6.89205908775	TCP	930	40	1	2
13.2037508488	TCP	1177	40	1	1
12.892800808	ICMP	512	512	1	1
7.28412699699	TCP	677	40	1	1
24.6581230164	TCP	493	40	1	3
4.50053906441	TCP	1059	40	1	1
6.15854287148	TCP	910	40	1	1
0.97381901741	UDP	698	576	2	2
24.2753710747	TCP	249	40	1	2
7.16743922234	UDP	639	576	1	2
1.40256500244	UDP	187	215	2	2
9.42095589638	UDP	499	527	1	1
6.51868391037	TCP	669	40	1	1
58.7250549793	ICMP	223	223	1	1
53.4585008621	TCP	1284	40	1	1
3.6066429615	TCP	407	40	1	1
7.09343314171	TCP	1061	40	1	1
3.51042509079	UDP	586	576	1	1
7.06103301048	UDP	725	576	1	1
4.75346016884	ICMP	699	699	1	1
33.2013599873	TCP	1046	40	1	2
21.3145339489	ICMP	82	82	1	1
5.69181704521	ICMP	73	73	1	1
11.1109969616	TCP	1122	40	1	1
40.6906030178	TCP	294	40	1	1
6.1362118721	ICMP	56	56	1	1
5.59928417206	TCP	579	40	1	2
12.1286029816	TCP	308	40	1	1
16.4673509598	TCP	749	40	1	1
4.97838497162	ICMP	588	588	1	1
3.99336099625	TCP	944	40	1	1
20.6255810261	ICMP	598	598	1	1
0.862334012985	TCP	56	40	2	2
15.8548920155	ICMP	218	218	1	1
3.78414583206	TCP	1233	40	1	1
2.99360585213	ICMP	443	443	1	1
3.50258088112	ICMP	371	371	1	1
21.9108889103	ICMP	39	39	1	1
9.92580294609	TCP	85	40	1	1
10.2762439251	ICMP	340	340	1	1
5.05763983727	TCP	1088	40	1	1
4.55946588516	UDP	337	365	1	1
28.490470171	TCP	93	40	1	1
5.1679661274	ICMP	552	552	1	1
5.09630799294	ICMP	174	174	1	1
4.74599599838	TCP	1122	40	1	1
20.2098670006	TCP	1311	40	1	1
14.2086999416	ICMP	429	429	1	1
4.0691409111	TCP	999	40	1	1
12.4108719826	TCP	182	40	1	1
5.68260788918	ICMP	415	415	1	1
14.6530900002	ICMP	398	398	1	1
16.1559720039	ICMP	204	204	1	1
57.2179191113	UDP	385	413	1	1
7.03028607368	UDP	985	576	1	1
3.88183903694	TCP	1118	40	1	1
13.6091089249	ICMP	135	135	1	2
11.3408420086	TCP	440	40	1	1
3.79383397102	ICMP	581	581	1	1
4.38014793396	TCP	1282	40	1	1
8.77857708931	TCP	579	40	1	1
8.79319000244	TCP	710	40	1	2
14.1703338623	ICMP	392	392	1	1
2.67448091507	UDP	805	576	1	1
13.3039619923	UDP	173	201	1	1
57.8046588898	ICMP	413	413	1	1
10.5676379204	TCP	520	40	1	1
37.1518888474	ICMP	409	409	1	1
6.03414487839	TCP	430	40	1	1
25.6477119923	TCP	742	40	1	1
11.4038450718	ICMP	378	378	1	1
33.2593309879	ICMP	588	588	1	1
3.74694108963	UDP	837	576	1	2
6.40052199364	TCP	930	40	1	1
2.985683918	TCP	1014	40	1	1
5.24997401237	TCP	165	40	1	1
7.78212285042	TCP	1050	40	1	1
7.45483994484	TCP	172	40	1	1
4.91575407982	TCP	341	40	1	2
7.43976783752	TCP	868	40	1	1
2.20489001274	ICMP	679	679	1	1
1.20299315453	ICMP	235	235	2	2
3.46263599396	UDP	95	123	1	1
3.76753997803	TCP	977	40	1	1
6.60480618477	ICMP	150	150	1	1
7.49037313461	UDP	234	262	1	1
11.7799959183	TCP	801	40	1	1
8.1930949688	UDP	377	405	1	1
42.5903527737	TCP	1136	40	1	1
1.35518789291	UDP	648	576	2	2
45.6814610958	ICMP	313	313	1	1
18.1226599216	TCP	274	40	1	1
4.04365706444	UDP	573	576	1	1
10.0368061066	TCP	158	40	1	1
5.89957308769	TCP	444	40	1	1
7.00807309151	TCP	747	40	1	1
3.49924588203	TCP	57	40	1	1
6.51210308075	ICMP	351	351	1	1
7.19209814072	ICMP	700	700	1	1
31.8094489574	ICMP	488	488	1	1
7.60013222694	TCP	1065	40	1	1
7.81934785843	ICMP	305	305	1	2
8.88130283356	TCP	877	40	1	1
5.20932292938	TCP	426	40	1	1
46.4788889885	ICMP	226	226	1	1
5.07449388504	TCP	1190	40	1	1
4.34705305099	ICMP	360	360	1	1
5.20783805847	ICMP	574	574	1	1
7.14087986946	ICMP	555	555	1	1
10.001322031	TCP	767	40	1	1
9.82025790215	TCP	1286	40	1	1
7.6009349823	TCP	1030	40	1	1
5.22641396523	TCP	1037	40	1	1
25.0703530312	TCP	802	40	1	2
7.8219230175	UDP	619	576	1	1
5.95678901672	UDP	146	174	1	1
56.2690620422	TCP	1308	40	1	1
6.61044716835	TCP	205	40	1	1
6.77979922295	TCP	1178	40	1	2
2.59827280045	TCP	1138	40	1	1
6.93659615517	TCP	190	40	1	1
8.50044798851	UDP	459	487	1	1
40.0663449764	TCP	711	40	1	1
9.10673904419	UDP	47	75	1	1
34.8172850609	ICMP	365	365	1	2
12.9006979465	TCP	424	40	1	1
2.98513317108	TCP	541	40	1	1
6.88755512238	UDP	988	576	1	1
4.76137304306	UDP	617	576	1	1
31.6399800777	ICMP	264	264	1	1
8.27019500732	TCP	632	40	1	1
19.6655731201	UDP	171	199	1	1
9.28919792175	ICMP	278	278	1	1
3.23645591736	TCP	407	40	1	1
10.2531471252	UDP	1024	576	1	1
4.32965493202	TCP	1186	40	1	1
10.2174699306	ICMP	298	298	1	1
24.082159996	TCP	1321	40	1	1
4.08593297005	TCP	300	40	1	1
7.42988586426	UDP	828	576	1	1
27.0249660015	UDP	174	202	1	1
17.3612110615	TCP	234	40	1	1
3.47550916672	ICMP	136	136	1	1
13.7841179371	ICMP	651	651	1	1
43.6354911327	ICMP	73	73	1	1
5.81199216843	UDP	783	576	1	1
42.1400470734	UDP	446	474	1	1
7.12253403664	UDP	79	107	1	1
4.8395409584	ICMP	197	197	1	1
9.0476500988	TCP	584	40	1	1
19.7759068012	UDP	210	238	1	1
7.51190900803	TCP	586	40	1	1
4.50832796097	TCP	378	40	1	1
8.93523097038	UDP	796	576	1	1
7.09326505661	ICMP	527	527	1	1
9.82276797295	ICMP	538	538	1	1
4.48016309738	TCP	1305	40	1	1
2.47857904434	TCP	1151	40	1	1
10.5908179283	TCP	69	40	1	1
8.28139305115	TCP	116	40	1	1
11.8735830784	ICMP	314	314	1	1
7.24154400826	TCP	372	40	1	2
12.369122982	TCP	638	40	1	1
9.38115787506	TCP	813	40	1	1
14.3606300354	TCP	903	40	1	2
6.15201687813	TCP	755	40	1	1
7.71587491035	TCP	707	40	1	2
3.90362000465	ICMP	227	227	1	1
8.73296189308	TCP	1252	40	1	1
2.59837889671	ICMP	711	711	1	1
3.4575240612	ICMP	517	517	1	1
7.36722207069	ICMP	578	578	1	2
10.2304720879	ICMP	161	161	1	1
9.14918494225	TCP	1272	40	1	1
10.1997389793	TCP	410	40	1	1
14.1422410011	ICMP	556	556	1	1
42.5859398842	TCP	1034	40	1	1
3.20070290565	ICMP	47	47	1	1
1.86976099014	TCP	1046	40	2	2
0.589574098587	TCP	1306	40	2	2
19.990309	ICMP	239	239	1	1
6.24297690392	TCP	438	40	1	1
2.45444107056	TCP	994	40	1	1
34.5231180191	TCP	900	40	1	2
7.09675812721	TCP	987	40	1	2
9.96931600571	UDP	160	188	1	1
24.9898638725	TCP	293	40	1	1
37.7861099243	ICMP	624	624	1	1
2.62261390686	TCP	1301	40	1	1
22.953387022	TCP	1118	40	1	1
5.26581597328	ICMP	596	596	1	1
5.48469305038	UDP	755	576	1	1
9.88826799393	TCP	1035	40	1	1
10.2895460129	ICMP	159	159	1	1
12.1640620232	TCP	1028	40	1	1
16.6706171036	TCP	216	40	1	1
1.84138703346	UDP	180	208	2	2
37.8396549225	UDP	900	576	1	1
35.6030550003	UDP	522	550	1	1
5.04305505753	UDP	781	576	1	1
3.15457987785	TCP	623	40	1	1
35.0300030708	TCP	551	40	1	1
2.84736299515	ICMP	243	243	1	1
16.2642800808	ICMP	239	239	1	1
11.6905629635	ICMP	578	578	1	1
19.6361570358	TCP	269	40	1	1
9.04197192192	TCP	1045	40	1	1
3.98651504517	ICMP	325	325	1	1
5.95940899849	TCP	805	40	1	1
6.39977788925	ICMP	204	204	1	2
5.55104494095	UDP	872	576	1	1
5.73023486137	TCP	1055	40	1	1
7.05801200867	UDP	132	160	1	1
5.26069617271	TCP	1304	40	1	1
21.7855000496	ICMP	540	540	1	1
20.9907188416	TCP	76	40	1	2
13.4168319702	ICMP	191	191	1	1
3.50175499916	UDP	554	576	1	1
3.15582513809	TCP	843	40	1	1
27.1155698299	TCP	622	40	1	1
3.18859505653	TCP	826	40	1	1
4.66827917099	TCP	1011	40	1	1
7.23867511749	TCP	1282	40	1	1
11.0498189926	TCP	723	40	1	1
3.76090407372	ICMP	329	329	1	1
4.98740315437	TCP	634	40	1	1
4.11351084709	TCP	1232	40	1	1
7.47469210625	ICMP	528	528	1	1
5.74832201004	UDP	837	576	1	1
2.30820703506	ICMP	249	249	1	1
12.8954889774	TCP	434	40	1	1
28.5592589378	TCP	131	40	1	1
2.81385397911	ICMP	195	195	1	1
10.6919529438	UDP	944	576	1	1
6.36801600456	UDP	282	310	1	1
6.03701686859	TCP	217	40	1	1
2.92952418327	ICMP	173	173	1	1
3.06549596786	TCP	489	40	1	2
3.46761512756	UDP	186	214	1	1
19.2758889198	ICMP	64	64	1	1
11.6531000137	TCP	1292	40	1	1
9.78985309601	TCP	1282	40	1	1
0.838071107864	ICMP	44	44	2	2
5.13591003418	ICMP	180	180	1	1
3.36913013458	TCP	417	40	1	1
14.1228730679	ICMP	438	438	1	1
5.60365200043	TCP	874	40	1	1
2.85906815529	TCP	1081	40	1	1
6.74956798553	TCP	1077	40	1	1
4.82236194611	TCP	130	40	1	1
7.80311918259	TCP	258	40	1	2
7.66670107841	UDP	889	576	1	1
20.2169229984	ICMP	128	128	1	1
6.79048609734	UDP	394	422	1	1
2.17058801651	TCP	916	40	1	1
4.74256801605	TCP	42	40	1	1
6.84980487823	TCP	1010	40	1	1
49.8481099606	ICMP	214	214	1	2
4.53893113136	UDP	744	576	1	1
23.6197619438	UDP	627	576	1	1
11.4894981384	UDP	562	576	1	1
6.82089781761	TCP	457	40	1	1
3.87909793854	ICMP	160	160	1	1
17.55012393	TCP	410	40	1	1
4.77261996269	ICMP	222	222	1	1
4.14905619621	UDP	930	576	1	2
4.55161905289	ICMP	259	259	1	2
3.76852703094	TCP	85	40	1	1
2.02825498581	TCP	1049	40	1	1
5.68551206589	TCP	542	40	1	1
1.67482495308	TCP	1041	40	2	2
57.4854528904	ICMP	689	689	1	2
5.78889608383	TCP	1331	40	1	1
6.55545496941	UDP	860	576	1	1
1.64124202728	ICMP	684	684	2	2
2.08166408539	TCP	566	40	1	1
8.72976112366	TCP	715	40	1	3
3.00976610184	ICMP	163	163	1	1
6.78160405159	ICMP	157	157	1	1
18.6290709972	UDP	283	311	1	1
5.37961101532	UDP	357	385	1	1
2.26933908463	TCP	88	40	1	1
18.9450440407	UDP	388	416	1	1
4.5905790329	UDP	492	520	1	1
2.88777709007	ICMP	292	292	1	1
5.64091300964	UDP	940	576	1	1
5.61847090721	TCP	668	40	1	1
20.3027050495	UDP	421	449	1	2
3.16438484192	TCP	170	40	1	1
4.47716212273	TCP	537	40	1	1
13.686095953	TCP	588	40	1	1
16.2281219959	TCP	1162	40	1	2
9.71606206894	TCP	473	40	1	1
4.48449087143	UDP	507	535	1	1
13.5662939548	TCP	1133	40	1	1
9.93136501312	TCP	354	40	1	1
12.1086251736	TCP	1313	40	1	1
2.55638599396	TCP	505	40	1	1
5.53368592262	UDP	732	576	1	1
8.08329105377	ICMP	399	399	1	1
4.90175795555	TCP	255	40	1	1
3.36830401421	ICMP	39	39	1	1
24.5336251259	TCP	1010	40	1	1
36.5097749233	ICMP	175	175	1	1
10.3254609108	TCP	576	40	1	1
4.78627896309	ICMP	280	280	1	1
11.1230220795	TCP	277	40	1	1
5.01568698883	TCP	838	40	1	1
40.3991401196	UDP	1022	576	1	1
1.4349591732	ICMP	405	405	2	2
3.01645207405	TCP	411	40	1	1
3.47397780418	ICMP	561	561	1	1
3.98139190674	ICMP	178	178	1	1
25.6260251999	UDP	453	481	1	1
5.25198602676	TCP	405	40	1	1
6.07957816124	TCP	1300	40	1	1
5.21451020241	TCP	831	40	1	1
11.3194589615	ICMP	96	96	1	1
36.8833267689	UDP	368	396	1	1
3.20934295654	ICMP	411	411	1	1
27.6766901016	ICMP	594	594	1	1
3.84000301361	ICMP	176	176	1	1
4.54917216301	TCP	829	40	1	1
9.36931800842	TCP	856	40	1	1
3.74628591537	TCP	1238	40	1	1
8.74815201759	TCP	746	40	1	3
7.08617091179	TCP	1181	40	1	1
2.26919412613	TCP	801	40	1	1
9.97221088409	UDP	1016	576	1	2
13.5662798882	ICMP	208	208	1	1
6.26241397858	UDP	501	529	1	2
2.74753904343	UDP	550	576	1	1
21.642468214	UDP	508	536	1	1
22.9573922157	UDP	302	330	1	1
6.80448317528	ICMP	525	525	1	1
6.7290790081	TCP	238	40	1	1
13.621407032	UDP	112	140	1	2
13.4023649693	TCP	1306	40	1	1
18.5331430435	ICMP	110	110	1	1
7.17193508148	UDP	120	148	1	1
9.79827094078	TCP	1060	40	1	1
2.06265687943	ICMP	295	295	1	2
42.0194690228	TCP	1223	40	1	1
13.4430820942	TCP	639	40	1	1
17.3423070908	ICMP	471	471	1	1
5.38314700127	TCP	1166	40	1	1
13.3197829723	UDP	292	320	1	1
4.72755098343	TCP	1296	40	1	1
4.03936600685	TCP	831	40	1	1
43.2854540348	TCP	712	40	1	1
20.21784091	ICMP	494	494	1	1
8.3852159977	ICMP	50	50	1	1
38.9530720711	ICMP	593	593	1	1
4.93839812279	UDP	483	511	1	1
4.91192102432	UDP	445	473	1	1
26.4833259583	TCP	1055	40	1	1
13.1706259251	TCP	948	40	1	1
11.2701199055	TCP	153	40	1	1
9.52128505707	UDP	433	461	1	2
1.08685302734	UDP	993	576	2	2
5.78770303726	ICMP	191	191	1	1
23.6276569366	TCP	475	40	1	1
8.42733001709	ICMP	424	424	1	1
1.0869140625	ICMP	310	310	2	2
5.79325199127	TCP	1340	40	1	1
1.48488020897	UDP	442	470	2	2
3.24698901176	UDP	649	576	1	1
35.2224371433	TCP	43	40	1	1
11.7878849506	UDP	252	280	1	1
3.6180369854	UDP	804	576	1	1
16.3392999172	TCP	1029	40	1	1
5.28634095192	TCP	873	40	1	1
7.77754092216	TCP	354	40	1	1
10.0526089668	TCP	623	40	1	1
13.0700960159	ICMP	210	210	1	1
3.93426394463	UDP	565	576	1	1
19.2158329487	TCP	563	40	1	1
2.80235099792	UDP	514	542	1	1
2.69553208351	ICMP	671	671	1	1
9.18512701988	ICMP	196	196	1	1
19.9936449528	UDP	186	214	1	1
8.00536799431	TCP	745	40	1	1
55.2002539635	ICMP	109	109	1	1
2.00945997238	TCP	648	40	1	1
2.66093993187	TCP	1175	40	1	1
29.0260570049	UDP	773	576	1	1
8.69633412361	TCP	428	40	1	1
7.37728381157	ICMP	370	370	1	1
49.0057449341	TCP	709	40	1	1
10.7134120464	UDP	645	576	1	2
9.54187703133	UDP	875	576	1	1
7.17434310913	TCP	716	40	1	1
12.7168049812	TCP	866	40	1	1
57.2794969082	TCP	1096	40	1	1
7.22098302841	UDP	929	576	1	1
4.07477617264	TCP	963	40	1	1
4.66930294037	ICMP	701	701	1	2
6.80241394043	TCP	596	40	1	2
7.21173501015	TCP	782	40	1	1
18.8375320435	TCP	1263	40	1	2
17.7081589699	ICMP	540	540	1	1
1.07380795479	UDP	220	248	2	2
10.8294358253	ICMP	434	434	1	1
6.19705319405	TCP	433	40	1	1
9.03682804108	UDP	277	305	1	1
7.43031311035	TCP	1064	40	1	1
3.65717792511	TCP	857	40	1	1
10.4271800518	TCP	847	40	1	2
19.0065221786	TCP	1246	40	1	1
4.54118490219	ICMP	654	654	1	1
2.56750607491	UDP	450	478	1	1
14.2014110088	TCP	896	40	1	1
8.92952513695	TCP	735	40	1	2
3.00679397583	TCP	1048	40	1	1
1.19685602188	TCP	1022	40	2	2
19.7205400467	TCP	435	40	1	1
16.1608700752	UDP	496	524	1	1
30.3216431141	TCP	814	40	1	1
4.46991086006	TCP	91	40	1	1
10.0836560726	TCP	517	40	1	2
7.86767196655	UDP	496	524	1	1
7.39079999924	ICMP	501	501	1	1
19.1507399082	ICMP	335	335	1	1
38.9086790085	TCP	436	40	1	1
34.5722708702	TCP	1331	40	1	1
11.2356040478	ICMP	298	298	1	1
1.88553905487	TCP	903	40	2	2
4.21248698235	ICMP	331	331	1	1
10.8517270088	TCP	369	40	1	1
32.8293998241	ICMP	553	553	1	1
11.9620699883	UDP	379	407	1	2
18.7490859032	UDP	874	576	1	2
7.70896697044	UDP	312	340	1	2
39.5047080517	TCP	157	40	1	1
19.688999176	ICMP	198	198	1	1
7.12816405296	TCP	984	40	1	1
34.6181359291	ICMP	382	382	1	1
8.54977893829	TCP	42	40	1	1
13.2975668907	ICMP	425	425	1	1
55.060721159	UDP	334	362	1	1
10.1456260681	ICMP	453	453	1	1
4.42731595039	TCP	757	40	1	1
5.71764612198	ICMP	611	611	1	1
9.33499097824	TCP	1317	40	1	2
3.40126013756	UDP	167	195	1	1
2.84989380836	ICMP	46	46	1	1
3.2185049057	ICMP	458	458	1	1
7.99452900887	UDP	895	576	1	1
38.4438369274	TCP	1127	40	1	1
1.18851494789	TCP	996	40	2	2
15.4884600639	ICMP	89	89	1	1
18.3325951099	TCP	536	40	1	1
5.16686296463	TCP	104	40	1	1
5.93080496788	TCP	155	40	1	1
14.0503008366	UDP	398	426	1	1
40.8444378376	ICMP	361	361	1	1
1.35758709908	TCP	1287	40	2	2
38.9951181412	TCP	545	40	1	2
1.77363109589	TCP	838	40	2	2
5.16020798683	ICMP	621	621	1	1
3.59783887863	TCP	206	40	1	1
0.876402854919	ICMP	323	323	2	2
2.92701292038	ICMP	681	681	1	1
6.3720331192	UDP	710	576	1	1
4.74258995056	ICMP	327	327	1	1
12.4025290012	TCP	314	40	1	1
7.0114171505	TCP	741	40	1	1
58.6828379631	TCP	1317	40	1	1
11.506510973	ICMP	422	422	1	1
3.39323997498	TCP	873	40	1	1
2.52198290825	ICMP	171	171	1	1
7.92053198814	UDP	248	276	1	1
0.630341053009	UDP	676	576	2	2
4.72780203819	ICMP	538	538	1	1
7.42068791389	TCP	529	40	1	1
2.23025798798	UDP	564	576	1	1
11.580121994	TCP	900	40	1	1
42.3255500793	TCP	495	40	1	1
31.1711800098	TCP	394	40	1	1
8.87975788116	TCP	258	40	1	1
8.59776902199	UDP	97	125	1	1
3.36243200302	TCP	85	40	1	2
2.85819005966	TCP	637	40	1	1
9.91266202927	TCP	1288	40	1	1
18.6263070107	TCP	1260	40	1	1
3.2288839817	TCP	252	40	1	1
43.700206995	TCP	1229	40	1	1
5.93034720421	ICMP	288	288	1	1
15.9146399498	ICMP	148	148	1	1
6.86094903946	TCP	502	40	1	1
10.8701839447	UDP	862	576	1	1
1.7491300106	TCP	860	40	2	2
1.40204501152	ICMP	202	202	2	2
7.62270689011	TCP	1294	40	1	1
10.0513718128	ICMP	624	624	1	1
4.81494283676	TCP	253	40	1	1
5.44041204453	TCP	1274	40	1	1
2.25912094116	TCP	1251	40	1	1
2.19216108322	TCP	556	40	1	1
5.69341087341	ICMP	658	658	1	1
6.78500890732	ICMP	378	378	1	1
31.5616137981	TCP	248	40	1	1
4.53607392311	TCP	1058	40	1	1
2.57127594948	TCP	249	40	1	1
54.6304180622	TCP	829	40	1	1
3.47400903702	TCP	504	40	1	2
9.63107204437	ICMP	69	69	1	1
8.46363997459	UDP	563	576	1	1
9.00068497658	ICMP	155	155	1	1
6.91811108589	TCP	626	40	1	1
21.244989872	TCP	134	40	1	1
13.111246109	TCP	280	40	1	2
57.6321108341	ICMP	651	651	1	1
4.99127602577	TCP	273	40	1	1
13.7993619442	TCP	1306	40	1	1
5.47208189964	TCP	310	40	1	1
22.2427530289	ICMP	194	194	1	1
1.82465195656	TCP	1284	40	2	3
2.26986718178	ICMP	214	214	1	1
14.0133478642	UDP	34	62	1	1
20.3399350643	TCP	1262	40	1	1
12.5135631561	TCP	1103	40	1	1
16.6028511524	ICMP	95	95	1	1
3.70706009865	UDP	477	505	1	1
13.9389929771	TCP	227	40	1	2
10.2615149021	TCP	906	40	1	2
6.9109120369	ICMP	189	189	1	1
2.35269188881	ICMP	138	138	1	1
3.43859887123	ICMP	142	142	1	1
8.44440698624	ICMP	615	615	1	1
41.6218140125	ICMP	449	449	1	1
7.20437002182	TCP	1018	40	1	1
11.5359530449	ICMP	549	549	1	1
5.09799098969	TCP	230	40	1	1
12.1629741192	TCP	1158	40	1	1
15.4104568958	TCP	926	40	1	1
2.32469296455	ICMP	97	97	1	1
17.0248160362	UDP	586	576	1	1
39.8799629211	ICMP	408	408	1	2
2.35448718071	TCP	1240	40	1	1
45.3538300991	ICMP	90	90	1	1
6.17406582832	UDP	1019	576	1	1
7.42500400543	UDP	554	576	1	3
23.8126530647	UDP	913	576	1	1
3.23294401169	ICMP	268	268	1	1
4.41032981873	TCP	306	40	1	1
9.70013689995	TCP	788	40	1	1
54.9730050564	TCP	324	40	1	1
30.3257639408	UDP	690	576	1	1
2.36348605156	ICMP	81	81	1	1
4.14482593536	ICMP	424	424	1	1
6.96061587334	TCP	733	40	1	1
5.01153516769	ICMP	285	285	1	1
54.6216070652	UDP	740	576	1	1
8.89105319977	ICMP	701	701	1	1
4.97852921486	TCP	1314	40	1	1
5.21478390694	TCP	439	40	1	1
3.37149691582	TCP	606	40	1	1
10.6138710976	TCP	339	40	1	2
31.949365139	TCP	611	40	1	1
10.0374591351	UDP	863	576	1	1
12.149338007	ICMP	694	694	1	1
5.41350889206	ICMP	57	57	1	1
2.12431192398	TCP	1031	40	1	1
10.8916079998	TCP	1108	40	1	1
4.76759815216	TCP	455	40	1	1
21.7983460426	TCP	373	40	1	1
5.32179498672	UDP	596	576	1	1
55.2593951225	TCP	210	40	1	1
2.25848412514	UDP	651	576	1	2
9.36153888702	TCP	659	40	1	1
47.8377239704	ICMP	150	150	1	1
1.65114212036	TCP	1320	40	2	2
6.18320393562	TCP	532	40	1	1
4.65849614143	ICMP	433	433	1	1
2.81638002396	ICMP	728	728	1	1
6.24151301384	TCP	351	40	1	1
3.31406903267	UDP	35	63	1	1
37.8505940437	UDP	954	576	1	1
4.67624402046	TCP	348	40	1	2
1.90541982651	ICMP	725	725	2	2
7.96613192558	ICMP	329	329	1	1
9.48621988297	ICMP	155	155	1	1
4.92406511307	ICMP	346	346	1	1
9.86744213104	TCP	137	40	1	1
4.8375658989	UDP	701	576	1	1
3.54385900497	ICMP	81	81	1	1
18.2902829647	TCP	1288	40	1	1
5.13592219353	TCP	531	40	1	1
13.5768790245	TCP	1205	40	1	1
0.614509820938	TCP	366	40	2	2
4.32396697998	ICMP	196	196	1	1
2.46873211861	TCP	1019	40	1	1
31.2102770805	TCP	715	40	1	1
59.5147621632	TCP	884	40	1	1
24.0489351749	UDP	219	247	1	1
3.41552996635	UDP	264	292	1	1
15.8418800831	TCP	417	40	1	1
7.05756521225	TCP	986	40	1	1
11.3860759735	TCP	717	40	1	1
3.63929104805	UDP	549	576	1	1
3.7026488781	TCP	968	40	1	1
4.42940783501	TCP	1087	40	1	1
7.47806477547	UDP	1003	576	1	1
2.03995919228	TCP	234	40	1	1
1.40587687492	ICMP	230	230	2	2
3.51643204689	ICMP	600	600	1	1
13.821739912	TCP	489	40	1	1
3.37194299698	TCP	570	40	1	1
4.36307096481	TCP	669	40	1	1
19.6897969246	TCP	905	40	1	2
4.48389005661	TCP	822	40	1	1
16.6509180069	TCP	447	40	1	1
19.0194480419	UDP	764	576	1	1
4.01011490822	TCP	749	40	1	1
30.7666010857	UDP	467	495	1	1
1.71059083939	TCP	255	40	2	2
3.96627187729	TCP	827	40	1	1
4.78114485741	TCP	1138	40	1	1
8.29352593422	TCP	755	40	1	1
12.0472869873	TCP	950	40	1	2
8.62004899979	TCP	1051	40	1	1
13.3746368885	ICMP	573	573	1	1
11.5437130928	UDP	674	576	1	1
16.7634150982	ICMP	123	123	1	1
10.4309539795	ICMP	134	134	1	1
10.4487168789	TCP	1206	40	1	1
7.36593008041	TCP	1017	40	1	1
6.26811909676	ICMP	506	506	1	1
31.1166629791	TCP	776	40	1	1
13.8647558689	UDP	50	78	1	1
42.4300270081	TCP	336	40	1	1
4.23662209511	TCP	1227	40	1	1
9.07519721985	UDP	968	576	1	1
5.80427908897	ICMP	186	186	1	1
6.84612298012	UDP	769	576	1	1
31.3190751076	TCP	844	40	1	2
8.70239591599	ICMP	628	628	1	1
15.2452969551	ICMP	349	349	1	1
0.614817142487	TCP	1091	40	2	2
13.6891720295	TCP	477	40	1	1
6.49770712852	TCP	1044	40	1	1
3.30528092384	ICMP	96	96	1	1
8.53900909424	TCP	360	40	1	1
9.54970979691	ICMP	716	716	1	1
2.52027916908	TCP	979	40	1	1
4.8632171154	UDP	279	307	1	1
6.32279777527	ICMP	184	184	1	1
11.6801760197	TCP	75	40	1	1
12.0759248734	TCP	891	40	1	1
1.20259785652	TCP	887	40	2	2
8.30589914322	ICMP	335	335	1	1
7.38301992416	ICMP	282	282	1	1
29.4465770721	UDP	30	58	1	1
4.25792002678	TCP	457	40	1	1
2.59885191917	TCP	1220	40	1	1
2.56083488464	TCP	150	40	1	1
2.89069008827	ICMP	546	546	1	1
33.2177810669	TCP	662	40	1	1
4.21088504791	ICMP	682	682	1	1
58.8032069206	TCP	634	40	1	1
46.3005411625	UDP	1003	576	1	2
40.7140419483	UDP	475	503	1	2
10.2458469868	ICMP	97	97	1	1
7.5678460598	ICMP	414	414	1	1
33.407613039	TCP	1334	40	1	1
9.01485490799	TCP	1276	40	1	1
8.65853214264	TCP	271	40	1	1
5.00097703934	TCP	530	40	1	2
3.60932016373	ICMP	537	537	1	1
33.3250470161	TCP	1226	40	1	1
10.0889317989	ICMP	512	512	1	1
20.2076749802	TCP	112	40	1	1
4.04955005646	TCP	1274	40	1	1
10.5120470524	ICMP	465	465	1	2
0.801643133163	UDP	762	576	2	2
2.70959401131	UDP	475	503	1	1
34.5238120556	UDP	936	576	1	1
9.96576404572	TCP	1334	40	1	1
5.3975520134	TCP	628	40	1	1
9.30240702629	TCP	1228	40	1	1
5.27039599419	TCP	121	40	1	1
7.3957388401	TCP	53	40	1	1
6.13577795029	TCP	726	40	1	1
51.4512939453	TCP	200	40	1	1
6.23065710068	ICMP	236	236	1	1
11.3077440262	ICMP	230	230	1	1
6.58045101166	TCP	718	40	1	1
5.33539485931	TCP	871	40	1	1
1.71136116982	ICMP	322	322	2	3
19.2790260315	UDP	814	576	1	2
4.0897090435	TCP	565	40	1	1
12.0997991562	TCP	105	40	1	1
2.87039017677	TCP	1126	40	1	1
12.8007569313	TCP	322	40	1	1
50.0164070129	ICMP	553	553	1	1
9.67431592941	ICMP	700	700	1	2
8.41048288345	UDP	551	576	1	1
58.9739022255	ICMP	613	613	1	1
7.33293199539	TCP	989	40	1	1
2.974588871	TCP	153	40	1	1
8.7096991539	TCP	963	40	1	1
21.8281419277	ICMP	678	678	1	1
3.39015603065	ICMP	169	169	1	1
6.555134058	ICMP	569	569	1	1
4.92791986465	ICMP	309	309	1	1
1.92975902557	ICMP	476	476	2	2
9.0559399128	TCP	51	40	1	1
3.50052714348	UDP	363	391	1	1
12.3431818485	UDP	1024	576	1	1
3.00561594963	TCP	474	40	1	1
5.31069087982	ICMP	522	522	1	1
10.1323051453	ICMP	666	666	1	1
4.72696280479	TCP	231	40	1	2
18.9228329659	TCP	570	40	1	1
2.57258296013	TCP	718	40	1	1
23.417760849	ICMP	301	301	1	1
6.50672006607	UDP	491	519	1	1
6.63428711891	TCP	293	40	1	1
4.29815196991	TCP	118	40	1	1
3.78286099434	TCP	1098	40	1	1
3.54036808014	TCP	806	40	1	1
8.48918604851	TCP	997	40	1	1
4.19090604782	UDP	368	396	1	1
4.08755898476	UDP	455	483	1	1
6.85034489632	UDP	299	327	1	1
5.31417608261	TCP	404	40	1	1
23.5813879967	ICMP	168	168	1	1
13.9259548187	TCP	571	40	1	1
8.5897898674	TCP	239	40	1	1
27.2221438885	UDP	818	576	1	1
11.5826230049	ICMP	252	252	1	1
8.33115100861	ICMP	581	581	1	1
11.5806388855	TCP	1209	40	1	1
6.86896586418	ICMP	312	312	1	2
5.54749894142	TCP	1111	40	1	1
18.5429749489	UDP	774	576	1	1
18.8015861511	TCP	1127	40	1	1
0.629723072052	ICMP	79	79	2	2
10.2264821529	ICMP	65	65	1	1
6.2344789505	TCP	456	40	1	2
4.30402493477	ICMP	724	724	1	1
5.05322384834	ICMP	705	705	1	1
10.2663929462	TCP	82	40	1	2
1.61563801765	ICMP	523	523	2	2
2.25422000885	TCP	630	40	1	1
18.973388195	TCP	577	40	1	1
2.70119690895	TCP	177	40	1	1
29.2005081177	TCP	879	40	1	1
0.699579000473	UDP	209	237	2	2
9.96525597572	TCP	914	40	1	1
5.05218601227	TCP	947	40	1	2
10.054527998	UDP	275	303	1	1
35.4102098942	UDP	837	576	1	1
31.7675549984	TCP	989	40	1	1
4.72582387924	TCP	1320	40	1	1
15.2087619305	ICMP	169	169	1	1
5.20712208748	TCP	1204	40	1	3
9.6165459156	TCP	596	40	1	2
4.7570309639	ICMP	658	658	1	2
10.5515429974	UDP	972	576	1	1
34.5861840248	UDP	735	576	1	2
11.3112850189	TCP	1166	40	1	1
7.6724550724	TCP	94	40	1	1
2.02790594101	UDP	840	576	1	1
3.06290793419	UDP	984	576	1	1
5.58391714096	TCP	875	40	1	1
21.167219162	TCP	1018	40	1	1
26.6989359856	ICMP	89	89	1	1
11.8330140114	TCP	518	40	1	1
7.3916580677	TCP	331	40	1	1
7.58393883705	UDP	968	576	1	1
26.3809080124	UDP	386	414	1	1
3.80888295174	TCP	154	40	1	1
8.98006296158	UDP	779	576	1	2
3.76763892174	ICMP	110	110	1	1
8.26607680321	UDP	965	576	1	1
13.7443101406	ICMP	441	441	1	1
1.44625401497	UDP	925	576	2	2
1.08938288689	TCP	606	40	2	2
4.7338809967	ICMP	187	187	1	1
19.0435111523	UDP	378	406	1	1
3.31936717033	TCP	646	40	1	1
20.8598208427	ICMP	406	406	1	2
2.32603001595	UDP	584	576	1	1
9.6779088974	TCP	63	40	1	1
4.03032422066	TCP	1314	40	1	1
47.6998870373	TCP	759	40	1	1
25.1422450542	UDP	722	576	1	2
3.84229397774	TCP	782	40	1	1
18.2757439613	TCP	661	40	1	2
7.16698098183	ICMP	465	465	1	1
7.63749694824	TCP	730	40	1	1
13.6892719269	TCP	867	40	1	2
2.0807697773	TCP	686	40	1	2
0.611320018768	UDP	487	515	2	2
3.66339302063	UDP	997	576	1	1
3.12455201149	TCP	346	40	1	1
2.0845811367	TCP	829	40	1	1
12.3105108738	ICMP	44	44	1	1
4.75820612907	UDP	686	576	1	2
7.04713606834	ICMP	34	34	1	1
7.27052307129	TCP	140	40	1	1
9.24659705162	TCP	210	40	1	1
11.9608309269	TCP	1031	40	1	1
2.61586308479	ICMP	80	80	1	1
17.1410489082	ICMP	434	434	1	1
7.1037170887	TCP	1145	40	1	1
34.6107230186	TCP	1111	40	1	1
53.4167861938	ICMP	148	148	1	1
4.5556139946	TCP	869	40	1	1
11.6644580364	ICMP	316	316	1	1
35.3796920776	UDP	208	236	1	1
6.84725999832	TCP	972	40	1	1
1.55979084969	TCP	916	40	2	2
1.11450910568	ICMP	138	138	2	2
2.698543787	TCP	282	40	1	1
3.16513204575	TCP	59	40	1	1
7.27475309372	ICMP	250	250	1	1
0.951765060425	TCP	381	40	2	2
9.21263599396	TCP	513	40	1	1
7.22232604027	TCP	481	40	1	1
2.89429783821	TCP	622	40	1	1
12.2853190899	ICMP	581	581	1	1
7.67990684509	UDP	707	576	1	1
10.6550221443	TCP	652	40	1	2
16.1273739338	UDP	376	404	1	1
2.26708602905	ICMP	572	572	1	1
3.58897590637	TCP	452	40	1	1
10.8247718811	ICMP	124	124	1	1
26.5791120529	UDP	618	576	1	2
8.9208650589	UDP	400	428	1	1
7.24305510521	TCP	934	40	1	1
3.77686476707	TCP	1191	40	1	1
56.8449029922	TCP	1027	40	1	1
36.0697607994	ICMP	625	625	1	1
4.27344703674	ICMP	329	329	1	2
10.0867779255	TCP	124	40	1	1
4.90146899223	ICMP	590	590	1	2
13.7437229156	UDP	461	489	1	1
21.7184250355	ICMP	65	65	1	1
6.72903490067	TCP	668	40	1	1
8.92814612389	TCP	427	40	1	1
9.95987606049	UDP	652	576	1	1
21.0727820396	TCP	637	40	1	1
32.5931200981	ICMP	663	663	1	1
12.9909038544	TCP	1018	40	1	1
40.4172239304	ICMP	323	323	1	1
4.43384504318	UDP	724	576	1	1
5.41151809692	UDP	923	576	1	1
6.82546806335	TCP	1139	40	1	1
8.02287387848	TCP	1068	40	1	1
19.2946581841	TCP	733	40	1	1
4.52047300339	TCP	198	40	1	1
6.45159697533	ICMP	717	717	1	1
45.4266500473	TCP	579	40	1	2
2.69222903252	TCP	670	40	1	1
1.33580589294	TCP	859	40	2	2
3.73972702026	ICMP	319	319	1	1
19.9534409046	UDP	465	493	1	2
5.52451205254	TCP	434	40	1	1
5.642537117	TCP	1277	40	1	1
44.8119461536	TCP	667	40	1	1
6.74342703819	ICMP	116	116	1	1
13.947275877	UDP	188	216	1	2
7.69211697578	TCP	812	40	1	1
13.8284850121	ICMP	706	706	1	1
9.29610919952	ICMP	367	367	1	1
5.25135087967	UDP	172	200	1	1
8.19159078598	TCP	563	40	1	1
7.29053401947	ICMP	136	136	1	1
10.3533818722	TCP	664	40	1	1
5.76650619507	UDP	720	576	1	1
18.5801870823	ICMP	418	418	1	1
4.64082193375	TCP	1035	40	1	1
19.4696469307	UDP	153	181	1	1
10.965996027	ICMP	383	383	1	1
0.697942018509	TCP	822	40	2	2
6.78511404991	TCP	928	40	1	1
34.154460907	ICMP	194	194	1	1
1.35127401352	TCP	748	40	2	2
13.6209621429	TCP	472	40	1	1
25.2056601048	ICMP	527	527	1	1
29.0622820854	TCP	1117	40	1	1
1.26128411293	TCP	795	40	2	2
17.960819006	TCP	177	40	1	1
5.78475594521	TCP	539	40	1	1
4.30179715157	ICMP	311	311	1	1
2.63243198395	ICMP	316	316	1	1
4.81094908714	TCP	679	40	1	1
12.8335421085	UDP	390	418	1	1
12.1965839863	TCP	872	40	1	1
35.026996851	ICMP	40	40	1	1
8.06064414978	TCP	965	40	1	1
6.35349297523	TCP	1022	40	1	1
1.5930390358	ICMP	138	138	2	2
1.13753700256	ICMP	388	388	2	2
7.05312204361	TCP	721	40	1	2
3.81547904015	ICMP	334	334	1	1
2.66066288948	TCP	1184	40	1	1
6.59179091454	UDP	575	576	1	1
5.72667598724	TCP	583	40	1	1
10.699919939	UDP	28	56	1	1
10.6933178902	TCP	1142	40	1	1
4.0514550209	ICMP	616	616	1	1
1.0773730278	ICMP	61	61	2	2
3.243901968	TCP	313	40	1	1
4.31424188614	TCP	881	40	1	1
2.87232303619	ICMP	676	676	1	1
4.41938495636	ICMP	397	397	1	1
4.00821399689	TCP	123	40	1	1
6.40032196045	TCP	213	40	1	1
9.40023088455	TCP	241	40	1	1
12.9320931435	ICMP	235	235	1	1
6.74044108391	TCP	552	40	1	1
4.15436601639	ICMP	383	383	1	1
7.00600385666	TCP	125	40	1	1
1.77248001099	UDP	451	479	2	2
3.24460911751	UDP	381	409	1	1
4.17020893097	TCP	66	40	1	1
4.44142889977	TCP	606	40	1	1
4.33530211449	UDP	412	440	1	1
12.1534450054	UDP	485	513	1	1
1.37094306946	ICMP	598	598	2	2
4.89205908775	UDP	257	285	1	1
3.47842097282	ICMP	151	151	1	1
10.4280278683	TCP	1174	40	1	1
9.34944415092	TCP	116	40	1	1
1.39913702011	TCP	192	40	2	2
7.63474202156	UDP	163	191	1	1
3.5880188942	TCP	1132	40	1	1
1.76351118088	TCP	230	40	2	3
18.7955391407	UDP	405	433	1	1
7.76223802567	TCP	611	40	1	1
43.4763460159	TCP	507	40	1	1
2.4815261364	TCP	724	40	1	1
12.6757390499	UDP	563	576	1	1
7.40208601952	TCP	687	40	1	1
10.0541269779	ICMP	85	85	1	1
12.8681809902	UDP	264	292	1	2
10.5843820572	ICMP	478	478	1	1
40.3449449539	TCP	1162	40	1	1
8.88460993767	TCP	812	40	1	1
23.3357708454	TCP	1123	40	1	1
1.31814002991	ICMP	670	670	2	2
5.14770388603	TCP	150	40	1	1
5.2034239769	ICMP	395	395	1	1
2.45906186104	TCP	898	40	1	1
9.01014900208	ICMP	365	365	1	1
23.7482171059	UDP	463	491	1	1
7.57230496407	TCP	1250	40	1	1
10.4231538773	ICMP	296	296	1	1
4.78031206131	ICMP	335	335	1	1
9.27663111687	TCP	1062	40	1	1
7.13858103752	TCP	270	40	1	1
27.5452492237	TCP	215	40	1	1
11.6290199757	TCP	257	40	1	3
6.81782102585	TCP	547	40	1	1
11.4409480095	UDP	771	576	1	1
3.16407299042	TCP	686	40	1	1
10.897400856	TCP	706	40	1	1
10.9899978638	ICMP	337	337	1	2
4.03660202026	UDP	163	191	1	2
23.6992800236	ICMP	378	378	1	1
2.72964406013	UDP	754	576	1	1
2.44311904907	TCP	1157	40	1	1
6.34236598015	TCP	375	40	1	1
7.20904016495	ICMP	449	449	1	1
6.09133791924	ICMP	557	557	1	2
40.8026170731	TCP	1330	40	1	1
35.723679781	TCP	603	40	1	1
5.05670380592	TCP	357	40	1	1
10.5494420528	TCP	163	40	1	1
18.5234241486	TCP	1299	40	1	1
2.18181920052	UDP	862	576	1	1
11.32553792	ICMP	181	181	1	1
11.2087659836	TCP	398	40	1	1
17.5105879307	TCP	886	40	1	1
6.3185968399	TCP	1059	40	1	2
5.81512284279	ICMP	552	552	1	1
59.5655090809	TCP	1201	40	1	1
9.28252196312	TCP	839	40	1	2
18.7908740044	ICMP	442	442	1	1
23.4268000126	TCP	605	40	1	2
19.5872430801	TCP	1199	40	1	1
19.1634070873	TCP	248	40	1	1
10.3905248642	TCP	810	40	1	1
4.06883001328	TCP	138	40	1	1
27.0788190365	TCP	482	40	1	1
40.2921161652	ICMP	164	164	1	1
0.914304971695	TCP	423	40	2	2
3.57060694695	UDP	281	309	1	2
11.8587408066	ICMP	229	229	1	1
5.98239398003	ICMP	693	693	1	1
56.7460939884	UDP	496	524	1	1
11.4389779568	UDP	521	549	1	1
3.61796689034	TCP	844	40	1	1
19.7884130478	ICMP	551	551	1	1
49.7224509716	TCP	1049	40	1	1
4.92476987839	UDP	941	576	1	1
6.0816450119	TCP	351	40	1	1
8.90170717239	TCP	90	40	1	1
5.53493309021	TCP	945	40	1	1
16.242442131	ICMP	217	217	1	1
2.58992195129	TCP	816	40	1	1
15.3046200275	TCP	1085	40	1	1
7.81756901741	TCP	947	40	1	1
12.763625145	TCP	1110	40	1	1
7.88979792595	ICMP	257	257	1	1
2.71939587593	TCP	1248	40	1	1
2.40341496468	ICMP	268	268	1	1
3.62028884888	TCP	267	40	1	1
5.65627408028	TCP	1178	40	1	1
3.48919391632	UDP	529	557	1	1
10.6501350403	UDP	429	457	1	1
1.22569799423	ICMP	297	297	2	2
9.46277308464	TCP	815	40	1	1
2.03699088097	ICMP	216	216	1	1
4.09029984474	ICMP	78	78	1	1
22.9209499359	UDP	381	409	1	1
9.50765991211	ICMP	217	217	1	1
9.300812006	TCP	224	40	1	1
3.20579004288	TCP	345	40	1	2
9.44650101662	TCP	198	40	1	1
9.11006903648	TCP	1013	40	1	1
4.68890500069	UDP	528	556	1	1
4.62246203423	UDP	303	331	1	1
22.0740749836	TCP	364	40	1	1
9.56770610809	ICMP	92	92	1	2
8.06696105003	UDP	73	101	1	2
2.3653409481	TCP	1137	40	1	1
5.17349910736	TCP	1340	40	1	1
22.5982618332	ICMP	645	645	1	1
16.0706379414	ICMP	185	185	1	2
9.81799817085	UDP	149	177	1	2
39.6650629044	TCP	377	40	1	1
57.029061079	ICMP	685	685	1	1
16.909514904	TCP	941	40	1	1
4.45672011375	ICMP	362	362	1	1
9.65077495575	TCP	994	40	1	1
20.4853980541	UDP	227	255	1	1
2.37009096146	UDP	740	576	1	1
22.1126821041	TCP	850	40	1	1
49.6069140434	TCP	1180	40	1	1
7.50555300713	ICMP	696	696	1	1
9.44020104408	TCP	545	40	1	1
12.5464730263	ICMP	614	614	1	1
57.2445969582	ICMP	605	605	1	1
5.43451094627	TCP	191	40	1	1
41.2031149864	TCP	1105	40	1	1
7.08938097954	TCP	1278	40	1	1
5.01455807686	ICMP	97	97	1	1
0.995622158051	ICMP	285	285	2	2
20.8168032169	ICMP	611	611	1	1
9.95899915695	TCP	524	40	1	1
40.0861120224	TCP	182	40	1	1
7.63182902336	TCP	329	40	1	1
40.0588591099	ICMP	403	403	1	1
7.72002911568	TCP	348	40	1	1
5.04438209534	TCP	335	40	1	2
5.11179304123	TCP	1116	40	1	1
4.36373496056	TCP	793	40	1	1
7.56112599373	TCP	138	40	1	1
2.39076089859	UDP	243	271	1	1
15.7426888943	TCP	1005	40	1	1
12.606014967	UDP	719	576	1	1
2.18707203865	TCP	284	40	1	1
11.337362051	UDP	160	188	1	1
6.29948401451	ICMP	154	154	1	2
6.20195198059	TCP	396	40	1	1
7.81185483932	ICMP	32	32	1	1
13.9352591038	TCP	942	40	1	1
11.6596901417	ICMP	75	75	1	2
12.6248791218	TCP	482	40	1	1
59.6535618305	UDP	175	203	1	1
11.1317648888	UDP	558	576	1	1
13.8109660149	ICMP	159	159	1	1
18.9866509438	TCP	1090	40	1	1
8.31909108162	TCP	1120	40	1	1
3.34186005592	TCP	1249	40	1	1
5.43086504936	TCP	1133	40	1	1
10.5243492126	UDP	802	576	1	1
2.50853514671	TCP	833	40	1	1
4.61312007904	ICMP	316	316	1	1
34.8605620861	TCP	816	40	1	1
7.49258494377	TCP	1182	40	1	1
3.08964109421	UDP	684	576	1	1
2.07963013649	ICMP	230	230	1	1
4.15653014183	UDP	913	576	1	1
2.21053695679	TCP	44	40	1	1
11.2586820126	UDP	316	344	1	1
10.5369510651	ICMP	516	516	1	1
2.78562307358	TCP	854	40	1	1
19.0487551689	ICMP	90	90	1	1
9.78568696976	TCP	610	40	1	1
1.27830600739	UDP	836	576	2	2
5.39107394218	TCP	350	40	1	1
2.48764109612	UDP	843	576	1	1
2.17939901352	UDP	76	104	1	1
21.5284678936	TCP	1208	40	1	1
7.25570487976	TCP	756	40	1	1
6.46323800087	ICMP	388	388	1	1
5.37224793434	TCP	298	40	1	1
9.6373269558	TCP	1051	40	1	1
18.5100140572	ICMP	81	81	1	1
5.77510690689	TCP	1029	40	1	1
53.0227379799	TCP	142	40	1	1
58.6494128704	TCP	730	40	1	1
3.84438586235	TCP	605	40	1	1
5.46159696579	ICMP	611	611	1	1
8.34737110138	UDP	843	576	1	1
8.51874494553	TCP	540	40	1	1
7.55010795593	UDP	740	576	1	1
3.11571383476	UDP	41	69	1	1
19.2243919373	UDP	795	576	1	1
4.04996013641	TCP	1097	40	1	1
8.62130403519	ICMP	211	211	1	1
3.15650486946	ICMP	284	284	1	1
23.6492259502	TCP	853	40	1	1
7.4128370285	TCP	982	40	1	1
3.18131303787	UDP	908	576	1	1
12.6919929981	TCP	1335	40	1	1
4.22785305977	TCP	638	40	1	2
1.85966110229	TCP	880	40	2	2
6.32200312614	TCP	932	40	1	1
36.5624160767	TCP	703	40	1	1
2.58695816994	TCP	1027	40	1	1
5.69023990631	TCP	761	40	1	1
2.49863600731	TCP	957	40	1	1
12.9799938202	TCP	537	40	1	1
12.00066185	ICMP	709	709	1	1
3.60920906067	ICMP	374	374	1	2
26.225987196	ICMP	532	532	1	1
2.30117082596	ICMP	351	351	1	1
9.63101100922	TCP	523	40	1	1
3.31174492836	TCP	151	40	1	1
3.73571395874	TCP	267	40	1	1
5.71622800827	UDP	915	576	1	1
10.9428620338	ICMP	471	471	1	1
4.05163002014	ICMP	462	462	1	1
0.616281986237	TCP	354	40	2	2
2.49770903587	ICMP	555	555	1	1
5.75577116013	TCP	583	40	1	1
22.8583688736	ICMP	419	419	1	1
6.51382994652	TCP	1167	40	1	1
7.60627007484	TCP	760	40	1	1
0.694137811661	TCP	625	40	2	2
3.88149380684	TCP	504	40	1	1
21.2351469994	ICMP	598	598	1	1
2.98766493797	UDP	590	576	1	1
1.2013771534	TCP	1060	40	2	2
26.6365790367	TCP	661	40	1	1
6.90149497986	TCP	1298	40	1	1
6.07047104836	UDP	785	576	1	1
5.89459586143	TCP	1115	40	1	2
56.23711586	UDP	643	576	1	1
5.65083408356	TCP	956	40	1	1
10.6904239655	TCP	342	40	1	1
12.5923159122	TCP	975	40	1	1
5.74056410789	TCP	947	40	1	1
3.8147790432	TCP	46	40	1	1
5.61830091476	TCP	605	40	1	1
8.5525701046	ICMP	286	286	1	1
45.8490250111	TCP	1332	40	1	1
7.5400390625	TCP	473	40	1	1
5.362585783	ICMP	563	563	1	1
40.8838069439	TCP	1108	40	1	2
25.2448990345	ICMP	116	116	1	1
5.28030800819	UDP	461	489	1	1
2.41596698761	TCP	489	40	1	1
4.61313509941	TCP	283	40	1	1
4.80554103851	TCP	779	40	1	1
43.7830469608	UDP	456	484	1	2
2.94575381279	TCP	132	40	1	1
36.4874470234	TCP	396	40	1	1
23.0339479446	UDP	882	576	1	1
3.82530999184	UDP	425	453	1	1
3.90145802498	TCP	171	40	1	1
2.01058197021	UDP	582	576	1	1
41.1815321445	TCP	179	40	1	1
1.87666893005	TCP	1307	40	2	2
14.5175480843	UDP	768	576	1	1
39.809014082	ICMP	486	486	1	1
9.79010391235	TCP	725	40	1	1
2.14908194542	ICMP	709	709	1	1
3.65453600883	TCP	862	40	1	1
2.98614311218	TCP	1304	40	1	1
4.99132704735	ICMP	42	42	1	1
8.24837684631	TCP	336	40	1	1
8.20990014076	UDP	125	153	1	1
13.4152150154	UDP	419	447	1	1
1.57061696053	ICMP	313	313	2	2
9.57947516441	ICMP	591	591	1	1
16.4002768993	TCP	198	40	1	3
3.50008296967	TCP	291	40	1	1
11.0196340084	TCP	1232	40	1	2
1.41183209419	TCP	673	40	2	2
44.19363904	TCP	462	40	1	1
5.33371710777	TCP	1092	40	1	1
6.43074798584	ICMP	540	540	1	1
10.1004171371	UDP	756	576	1	1
5.13427615166	TCP	994	40	1	1
11.5048048496	UDP	732	576	1	1
4.22255182266	TCP	561	40	1	1
2.99047017097	TCP	168	40	1	1
12.8014800549	ICMP	89	89	1	1
4.81092596054	TCP	478	40	1	1
57.460308075	TCP	1336	40	1	1
8.03028988838	UDP	96	124	1	1
3.49701189995	ICMP	225	225	1	2
7.95887804031	UDP	670	576	1	1
36.1156158447	UDP	584	576	1	1
11.6556830406	TCP	330	40	1	1
33.3022339344	TCP	166	40	1	1
2.47520685196	ICMP	222	222	1	1
8.13684797287	TCP	1206	40	1	1
8.6690568924	UDP	630	576	1	1
59.5871679783	UDP	248	276	1	1
4.82313108444	UDP	39	67	1	1
13.6385080814	TCP	334	40	1	1
11.8405230045	TCP	636	40	1	1
30.3966081142	ICMP	229	229	1	1
22.2426261902	ICMP	346	346	1	1
2.23958492279	UDP	374	402	1	1
7.15575909615	ICMP	242	242	1	1
6.29201197624	TCP	392	40	1	1
10.4494748116	TCP	1333	40	1	1
4.01681208611	UDP	679	576	1	1
10.1295890808	TCP	486	40	1	1
40.933560133	ICMP	501	501	1	1
8.21874690056	ICMP	105	105	1	1
4.35349988937	TCP	267	40	1	2
12.5938248634	TCP	1182	40	1	1
7.57938194275	TCP	191	40	1	1
1.81666398048	TCP	740	40	2	2
7.86947393417	TCP	894	40	1	1
21.5708861351	UDP	892	576	1	1
11.4169111252	TCP	379	40	1	1
6.49998188019	TCP	569	40	1	1
7.61286306381	ICMP	625	625	1	1
4.76676893234	ICMP	325	325	1	1
43.9572689533	ICMP	417	417	1	1
21.5875051022	ICMP	109	109	1	1
6.25005412102	TCP	231	40	1	1
2.21074199677	TCP	553	40	1	1
6.65681099892	TCP	232	40	1	1
3.72332000732	ICMP	569	569	1	1
10.8185350895	TCP	879	40	1	1
12.8713002205	TCP	256	40	1	1
13.9687809944	ICMP	228	228	1	1
9.93481612206	UDP	719	576	1	1
41.65969491	TCP	1291	40	1	1
26.2524080276	TCP	748	40	1	1
2.29746890068	TCP	1168	40	1	1
5.70727396011	TCP	1115	40	1	2
7.62525200844	ICMP	453	453	1	1
11.0089120865	TCP	1301	40	1	1
35.1464278698	ICMP	259	259	1	1
18.5871329308	ICMP	684	684	1	1
3.10859513283	TCP	92	40	1	1
3.33937287331	TCP	891	40	1	2
7.40659093857	TCP	689	40	1	1
56.943310976	ICMP	110	110	1	1
4.41993498802	ICMP	703	703	1	1
18.7612879276	TCP	834	40	1	1
9.26511120796	TCP	834	40	1	1
4.00986599922	UDP	1016	576	1	1
8.51818084717	ICMP	393	393	1	1
1.8103890419	ICMP	49	49	2	2
42.5966720581	TCP	1192	40	1	1
5.84380197525	ICMP	254	254	1	1
7.62954211235	ICMP	573	573	1	2
20.6544568539	TCP	773	40	1	1
14.7163720131	TCP	92	40	1	1
10.4423458576	TCP	195	40	1	2
4.5201818943	TCP	789	40	1	1
40.7387530804	TCP	326	40	1	1
42.0324380398	ICMP	609	609	1	1
1.93033790588	TCP	680	40	2	2
24.6158180237	ICMP	205	205	1	1
1.96920800209	ICMP	443	443	2	2
2.91564202309	TCP	140	40	1	1
9.9581758976	TCP	142	40	1	1
49.9392330647	UDP	832	576	1	1
8.98586416245	TCP	1102	40	1	1
15.3657519817	UDP	61	89	1	1
3.85328698158	ICMP	145	145	1	1
9.15689587593	ICMP	195	195	1	1
1.87276911736	UDP	978	576	2	2
4.97112202644	UDP	377	405	1	1
5.19956111908	UDP	189	217	1	1
18.3684849739	UDP	364	392	1	1
18.9963450432	TCP	1255	40	1	1
3.94483494759	ICMP	526	526	1	1
6.29046201706	TCP	1111	40	1	1
1.05709695816	UDP	117	145	2	2
18.3766260147	TCP	1275	40	1	1
3.25767397881	TCP	665	40	1	1
6.76521515846	TCP	1235	40	1	1
19.171079874	TCP	1325	40	1	1
6.04218816757	TCP	878	40	1	1
51.5338590145	TCP	198	40	1	1
10.0146460533	ICMP	215	215	1	1
44.053645134	TCP	523	40	1	1
16.7362189293	TCP	144	40	1	1
6.95517492294	ICMP	281	281	1	1
10.6170310974	TCP	402	40	1	1
5.31271100044	ICMP	89	89	1	1
5.2603199482	UDP	944	576	1	1
5.3936290741	TCP	629	40	1	1
14.3251469135	TCP	741	40	1	1
1.70150899887	UDP	795	576	2	2
