20.4143261909	TCP	75	40	1	1
26.4606130123	TCP	93	40	1	1
4.11256313324	ICMP	192	192	1	1
4.65040493011	UDP	528	556	1	1
7.45992088318	TCP	401	40	1	1
7.57953095436	UDP	86	114	1	3
25.9494252205	TCP	732	40	1	1
6.84861516953	ICMP	462	462	1	1
8.82886004448	TCP	613	40	1	1
6.86891198158	UDP	197	225	1	1
5.14029502869	ICMP	411	411	1	1
4.84342193604	ICMP	711	711	1	2
17.8912870884	ICMP	213	213	1	1
11.412664175	TCP	1054	40	1	1
6.425563097	TCP	612	40	1	1
6.92985606194	TCP	369	40	1	1
2.33591890335	UDP	229	257	1	1
23.269865036	ICMP	247	247	1	1
2.83885598183	ICMP	77	77	1	1
2.98673415184	ICMP	72	72	1	1
16.2363820076	TCP	117	40	1	1
5.42814683914	TCP	241	40	1	1
4.85993099213	ICMP	492	492	1	1
5.84859895706	ICMP	450	450	1	1
8.93670392036	TCP	1209	40	1	1
3.32833886147	UDP	118	146	1	1
1.42369604111	TCP	1208	40	2	2
12.8546960354	ICMP	74	74	1	1
11.072758913	ICMP	498	498	1	1
1.63931083679	ICMP	220	220	2	2
9.10550999641	ICMP	538	538	1	1
5.71999192238	TCP	658	40	1	1
15.1231520176	TCP	1261	40	1	1
14.8036189079	UDP	531	559	1	1
7.1621119976	TCP	388	40	1	1
19.7791059017	ICMP	687	687	1	2
11.1629090309	ICMP	210	210	1	1
6.56837892532	UDP	720	576	1	1
16.4572491646	UDP	466	494	1	1
17.1652750969	ICMP	528	528	1	1
22.9133400917	TCP	47	40	1	1
7.51012992859	ICMP	315	315	1	1
3.9016828537	ICMP	315	315	1	1
6.22965097427	TCP	887	40	1	1
8.72829389572	TCP	333	40	1	1
7.30228090286	UDP	116	144	1	1
6.62050509453	TCP	916	40	1	1
15.3585190773	TCP	638	40	1	1
4.31161689758	TCP	563	40	1	1
2.66975998878	TCP	648	40	1	1
10.7405278683	ICMP	710	710	1	1
24.7929759026	TCP	570	40	1	2
6.76359701157	TCP	859	40	1	1
5.26255488396	ICMP	370	370	1	1
9.82081985474	TCP	229	40	1	2
21.8628048897	TCP	404	40	1	1
3.0638589859	UDP	50	78	1	1
18.9076697826	UDP	326	354	1	2
3.58212304115	UDP	169	197	1	1
15.2857189178	TCP	683	40	1	1
3.68304300308	TCP	447	40	1	1
10.9395010471	TCP	549	40	1	1
6.15827608109	ICMP	681	681	1	1
6.11116409302	UDP	317	345	1	1
8.07599401474	UDP	346	374	1	1
20.9198560715	TCP	936	40	1	1
4.03541183472	ICMP	325	325	1	1
3.5320250988	ICMP	416	416	1	1
16.5275270939	ICMP	209	209	1	1
1.68687295914	ICMP	385	385	2	2
3.70773601532	UDP	188	216	1	1
10.1701450348	TCP	120	40	1	1
16.4542310238	UDP	737	576	1	1
4.79070210457	ICMP	230	230	1	1
13.4712469578	ICMP	577	577	1	1
19.8879311085	TCP	900	40	1	2
8.71639800072	TCP	959	40	1	1
3.54547405243	TCP	1144	40	1	1
12.5464420319	TCP	1324	40	1	1
10.5380690098	ICMP	397	397	1	1
8.91095209122	TCP	698	40	1	1
9.26976895332	TCP	87	40	1	1
10.2118430138	TCP	73	40	1	1
15.8289721012	UDP	444	472	1	1
3.87888908386	ICMP	414	414	1	1
18.5496709347	UDP	787	576	1	1
6.22650003433	TCP	267	40	1	1
20.1154971123	TCP	293	40	1	1
5.92266893387	TCP	1266	40	1	1
13.7567551136	TCP	1228	40	1	1
6.87426400185	TCP	266	40	1	1
10.1600019932	ICMP	585	585	1	1
11.1132102013	TCP	455	40	1	2
18.8404619694	TCP	1163	40	1	1
1.24981617928	UDP	360	388	2	2
4.95905208588	TCP	983	40	1	1
6.08422112465	TCP	1070	40	1	1
11.5953819752	UDP	448	476	1	1
8.16116595268	UDP	612	576	1	2
11.2454311848	ICMP	195	195	1	1
27.0964450836	TCP	1040	40	1	1
8.92494702339	TCP	601	40	1	1
5.7022330761	TCP	94	40	1	1
11.5306448936	UDP	997	576	1	1
1.86872005463	TCP	314	40	2	2
2.05014204979	TCP	713	40	1	2
6.44646120071	TCP	192	40	1	1
3.28168201447	ICMP	370	370	1	1
7.42301607132	TCP	927	40	1	1
22.5846431255	TCP	1068	40	1	1
3.17605686188	ICMP	445	445	1	1
4.36272907257	TCP	760	40	1	1
5.83580112457	ICMP	255	255	1	1
4.85147404671	ICMP	143	143	1	1
4.03181195259	ICMP	593	593	1	1
5.13358783722	ICMP	368	368	1	1
19.2999880314	ICMP	462	462	1	1
6.99176502228	TCP	140	40	1	2
2.44373607635	TCP	1276	40	1	1
2.49037790298	TCP	69	40	1	1
3.78901100159	UDP	277	305	1	1
10.9040219784	TCP	994	40	1	1
5.72623109818	TCP	249	40	1	1
13.1232690811	TCP	135	40	1	1
4.0621778965	ICMP	38	38	1	1
20.6810750961	TCP	1219	40	1	1
11.840318203	ICMP	236	236	1	1
12.1754710674	TCP	984	40	1	1
6.11279702187	ICMP	723	723	1	2
4.5501408577	TCP	341	40	1	2
1.73852300644	TCP	690	40	2	2
17.9505541325	TCP	676	40	1	1
5.02613401413	TCP	997	40	1	2
4.70502996445	TCP	1002	40	1	1
8.97775101662	TCP	283	40	1	1
27.1920289993	UDP	921	576	1	1
6.64215302467	ICMP	442	442	1	1
3.25155591965	UDP	841	576	1	1
4.27247691154	ICMP	710	710	1	1
7.59590101242	ICMP	605	605	1	1
5.39953613281	UDP	395	423	1	1
11.7384140491	ICMP	81	81	1	1
7.8290040493	TCP	1085	40	1	2
25.6685221195	UDP	390	418	1	1
8.6245508194	TCP	466	40	1	1
13.0389080048	TCP	510	40	1	1
8.91757512093	ICMP	88	88	1	1
18.6764481068	UDP	713	576	1	1
4.45958304405	UDP	58	86	1	1
17.4043459892	ICMP	640	640	1	1
9.81626009941	TCP	601	40	1	1
1.10232496262	TCP	1076	40	2	2
4.81054091454	TCP	335	40	1	1
4.37946605682	UDP	823	576	1	2
10.362787962	UDP	669	576	1	1
22.9977009296	UDP	934	576	1	1
6.25058102608	UDP	276	304	1	1
13.8608829975	ICMP	332	332	1	1
1.56993699074	TCP	1309	40	2	2
9.58376097679	TCP	478	40	1	1
7.77194094658	TCP	980	40	1	1
10.8049459457	TCP	1202	40	1	2
4.75313901901	UDP	462	490	1	1
9.04903101921	ICMP	382	382	1	1
6.8689699173	TCP	186	40	1	1
17.9111449718	UDP	328	356	1	1
19.6916780472	ICMP	40	40	1	1
6.79603409767	UDP	342	370	1	1
9.5456931591	TCP	1025	40	1	1
3.74872994423	ICMP	717	717	1	1
4.78950405121	TCP	1007	40	1	1
18.8288118839	UDP	799	576	1	1
4.74331188202	TCP	499	40	1	1
2.67532706261	TCP	924	40	1	1
5.98554706573	ICMP	374	374	1	1
9.61309504509	UDP	788	576	1	1
18.059221983	TCP	115	40	1	1
7.7711019516	TCP	740	40	1	1
6.80181097984	ICMP	84	84	1	1
4.79929614067	ICMP	242	242	1	1
3.79950284958	UDP	936	576	1	1
23.61591506	TCP	957	40	1	1
3.85918998718	TCP	983	40	1	1
13.4900500774	ICMP	330	330	1	1
15.269575119	UDP	351	379	1	1
8.75510883331	TCP	1189	40	1	1
3.70518612862	ICMP	702	702	1	1
5.62963199615	ICMP	202	202	1	1
12.8971669674	TCP	485	40	1	2
11.5198278427	TCP	855	40	1	2
2.9911339283	TCP	103	40	1	1
13.6882190704	TCP	239	40	1	1
9.85583496094	TCP	497	40	1	1
18.2500259876	TCP	612	40	1	1
2.5780570507	UDP	787	576	1	1
2.89034295082	TCP	1133	40	1	1
3.401927948	TCP	149	40	1	2
13.4385750294	TCP	263	40	1	1
8.0065779686	TCP	965	40	1	1
11.9742879868	ICMP	32	32	1	1
17.9066729546	TCP	788	40	1	1
3.49231004715	TCP	911	40	1	1
8.36465001106	TCP	84	40	1	2
4.54630208015	ICMP	263	263	1	1
1.37569594383	UDP	249	277	2	2
0.685537099838	ICMP	394	394	2	2
6.85649991035	TCP	702	40	1	2
14.9440360069	UDP	808	576	1	1
6.71817398071	UDP	613	576	1	1
12.4136450291	UDP	710	576	1	1
21.4983968735	UDP	274	302	1	1
26.1173119545	TCP	416	40	1	1
9.77669596672	TCP	1076	40	1	1
4.87742686272	TCP	779	40	1	1
10.6502768993	TCP	54	40	1	1
4.96530413628	TCP	1126	40	1	1
6.16996908188	ICMP	644	644	1	1
25.5529699326	ICMP	547	547	1	1
9.1013572216	TCP	452	40	1	1
4.5937230587	ICMP	566	566	1	1
11.6258320808	TCP	87	40	1	1
9.46335983276	TCP	110	40	1	2
6.10113501549	ICMP	63	63	1	1
11.5697879791	UDP	659	576	1	1
6.5182621479	UDP	261	289	1	1
3.79316115379	TCP	90	40	1	1
4.18839693069	TCP	889	40	1	1
2.14127707481	ICMP	283	283	1	1
11.2545881271	TCP	246	40	1	1
8.24999284744	TCP	701	40	1	1
4.90279483795	ICMP	279	279	1	1
1.92473387718	UDP	298	326	2	2
5.54984903336	TCP	120	40	1	1
11.2403621674	TCP	1121	40	1	1
8.10823702812	UDP	674	576	1	1
5.64518713951	ICMP	74	74	1	1
4.87895989418	TCP	246	40	1	1
12.3707699776	ICMP	337	337	1	1
15.0800538063	TCP	98	40	1	1
5.48607707024	TCP	502	40	1	1
4.20518994331	ICMP	300	300	1	1
9.01587986946	ICMP	59	59	1	1
18.2643458843	ICMP	568	568	1	1
3.36203694344	TCP	284	40	1	1
2.72440814972	ICMP	470	470	1	1
4.19125699997	ICMP	46	46	1	1
6.24484705925	TCP	1175	40	1	1
5.1914999485	TCP	527	40	1	1
2.28977799416	UDP	148	176	1	1
14.3115429878	TCP	1314	40	1	1
7.98249101639	TCP	704	40	1	1
8.84068584442	UDP	344	372	1	1
3.24024510384	TCP	907	40	1	2
7.51965093613	ICMP	706	706	1	1
7.56963610649	ICMP	223	223	1	1
1.91779208183	UDP	540	568	2	2
3.00727891922	TCP	425	40	1	1
9.37410211563	UDP	998	576	1	2
16.5573320389	ICMP	452	452	1	1
31.4799928665	ICMP	549	549	1	1
9.75843214989	TCP	461	40	1	1
4.16918611526	TCP	64	40	1	1
10.1265308857	TCP	564	40	1	1
3.54214596748	TCP	370	40	1	1
12.607282877	ICMP	421	421	1	1
13.4524149895	TCP	236	40	1	1
9.72137188911	ICMP	618	618	1	1
5.79140090942	ICMP	627	627	1	1
21.5444891453	ICMP	244	244	1	1
6.55423092842	ICMP	700	700	1	1
4.4726588726	TCP	1211	40	1	1
4.33349704742	ICMP	148	148	1	1
5.1324300766	TCP	350	40	1	1
26.7653560638	ICMP	408	408	1	2
7.95541405678	TCP	1011	40	1	1
10.7711369991	TCP	1327	40	1	1
5.15777301788	TCP	593	40	1	1
3.78980302811	TCP	535	40	1	1
7.88331198692	TCP	548	40	1	1
16.4752700329	TCP	165	40	1	1
10.9798870087	TCP	1030	40	1	1
6.08345794678	TCP	348	40	1	1
7.85605597496	ICMP	316	316	1	1
6.34567403793	UDP	519	547	1	1
19.0253620148	ICMP	326	326	1	1
4.45941114426	ICMP	679	679	1	1
25.9451570511	ICMP	257	257	1	1
25.5087199211	ICMP	487	487	1	1
3.6994228363	TCP	516	40	1	1
7.01353693008	TCP	789	40	1	1
17.1509108543	TCP	299	40	1	1
5.64760494232	TCP	965	40	1	1
5.33888792992	TCP	980	40	1	1
5.43242907524	TCP	721	40	1	1
13.1092500687	TCP	212	40	1	2
5.98617601395	TCP	1194	40	1	1
8.69865512848	UDP	401	429	1	1
6.14014005661	TCP	217	40	1	1
3.22836399078	ICMP	56	56	1	1
2.99677586555	TCP	1056	40	1	1
9.20469307899	TCP	479	40	1	1
2.86583590508	ICMP	285	285	1	1
15.0502488613	ICMP	305	305	1	1
4.41251802444	ICMP	564	564	1	1
5.86136698723	TCP	309	40	1	1
4.36551094055	ICMP	610	610	1	1
2.09644579887	TCP	493	40	1	1
6.72444295883	TCP	1041	40	1	1
13.7252719402	TCP	596	40	1	1
20.1697919369	UDP	1025	576	1	2
5.79734897614	TCP	593	40	1	1
9.41419291496	TCP	876	40	1	1
23.9460918903	TCP	1084	40	1	1
8.04314804077	UDP	370	398	1	1
1.53324103355	TCP	465	40	2	2
5.48672890663	TCP	100	40	1	1
5.55682897568	ICMP	711	711	1	1
9.71042704582	UDP	200	228	1	1
4.12866401672	TCP	435	40	1	1
5.43606495857	TCP	1040	40	1	1
1.3359940052	ICMP	60	60	2	2
4.69915699959	TCP	470	40	1	1
4.31882405281	TCP	1075	40	1	1
18.0374281406	ICMP	347	347	1	1
8.41439008713	ICMP	69	69	1	1
6.99292302132	ICMP	360	360	1	1
5.32219600677	ICMP	610	610	1	1
4.19339108467	TCP	1286	40	1	1
6.53500795364	ICMP	549	549	1	1
10.0282819271	TCP	1256	40	1	1
3.13356113434	TCP	51	40	1	2
12.3834171295	TCP	290	40	1	1
5.16974186897	TCP	889	40	1	1
8.19394183159	TCP	379	40	1	1
24.878013134	UDP	698	576	1	1
1.17543005943	UDP	497	525	2	2
9.54650306702	ICMP	459	459	1	1
8.99937415123	TCP	393	40	1	1
18.1060278416	TCP	327	40	1	1
5.77639818192	TCP	525	40	1	1
8.25126099586	TCP	95	40	1	1
12.939647913	ICMP	367	367	1	1
6.48747301102	UDP	665	576	1	1
5.38993096352	ICMP	50	50	1	1
1.19965910912	TCP	961	40	2	2
10.580083847	ICMP	451	451	1	2
8.73658704758	UDP	31	59	1	1
3.53489398956	ICMP	494	494	1	1
20.7554590702	UDP	877	576	1	2
4.25089097023	ICMP	422	422	1	2
3.92723917961	TCP	238	40	1	1
7.96895003319	UDP	893	576	1	1
24.9120869637	TCP	316	40	1	1
14.856967926	ICMP	642	642	1	1
3.19064378738	ICMP	552	552	1	1
1.23387289047	TCP	815	40	2	2
8.94278883934	ICMP	553	553	1	1
5.22350597382	ICMP	41	41	1	1
22.1762590408	ICMP	416	416	1	1
7.7791788578	ICMP	262	262	1	1
4.38641119003	ICMP	704	704	1	1
5.55310297012	UDP	669	576	1	1
2.62010908127	TCP	783	40	1	1
1.60975408554	TCP	397	40	2	2
4.86017394066	ICMP	646	646	1	1
6.02580094337	ICMP	714	714	1	1
14.3423371315	ICMP	30	30	1	2
3.56136083603	ICMP	142	142	1	1
11.6116089821	TCP	214	40	1	1
9.85404896736	TCP	675	40	1	1
11.5598630905	TCP	94	40	1	2
6.79333209991	UDP	452	480	1	1
17.0987229347	TCP	144	40	1	1
8.29614186287	ICMP	162	162	1	1
14.8889548779	TCP	88	40	1	1
6.45958209038	TCP	599	40	1	1
3.58704781532	ICMP	272	272	1	1
6.43490886688	UDP	290	318	1	1
1.14636683464	ICMP	502	502	2	2
4.76937294006	TCP	144	40	1	1
24.4804799557	TCP	1205	40	1	2
5.66831707954	TCP	1133	40	1	1
6.27505302429	TCP	183	40	1	1
5.52546310425	UDP	410	438	1	1
7.60376381874	TCP	634	40	1	1
5.49383401871	UDP	849	576	1	1
0.713451147079	TCP	794	40	2	2
0.698354959488	UDP	760	576	2	2
3.8980679512	TCP	1263	40	1	1
6.50247120857	UDP	765	576	1	1
6.02291202545	TCP	791	40	1	1
26.1777830124	ICMP	348	348	1	1
8.29678201675	TCP	887	40	1	1
28.2817189693	TCP	767	40	1	1
10.5094528198	UDP	138	166	1	1
8.70208191872	UDP	562	576	1	1
2.19661402702	TCP	1155	40	1	2
11.2177300453	ICMP	469	469	1	1
7.94629406929	UDP	809	576	1	1
6.92892098427	UDP	102	130	1	1
1.595236063	TCP	58	40	2	2
13.5195240974	TCP	455	40	1	1
10.6687879562	ICMP	242	242	1	1
20.2115120888	TCP	139	40	1	1
10.867554903	ICMP	409	409	1	1
3.54126095772	TCP	357	40	1	1
9.61943507195	ICMP	431	431	1	1
6.50743412971	ICMP	209	209	1	1
6.17176485062	UDP	488	516	1	1
7.70161414146	TCP	782	40	1	1
6.27740120888	ICMP	617	617	1	1
7.44186902046	TCP	1115	40	1	1
20.8129332066	ICMP	572	572	1	1
1.58170890808	ICMP	567	567	2	2
3.73463082314	ICMP	448	448	1	1
6.66782212257	TCP	930	40	1	1
2.68881797791	UDP	709	576	1	1
4.58469700813	ICMP	102	102	1	1
4.77023696899	TCP	101	40	1	2
13.3336310387	ICMP	108	108	1	1
6.61558699608	TCP	1101	40	1	1
7.69370913506	UDP	162	190	1	1
6.52026486397	TCP	1051	40	1	1
11.2261230946	TCP	589	40	1	1
19.6598441601	TCP	863	40	1	1
18.0198578835	ICMP	261	261	1	1
15.5577039719	TCP	403	40	1	1
10.5315589905	UDP	89	117	1	1
8.22770500183	ICMP	573	573	1	1
16.8253290653	TCP	1205	40	1	2
3.06459498405	TCP	192	40	1	1
3.86642098427	TCP	846	40	1	1
11.5048837662	UDP	426	454	1	1
4.9876511097	TCP	471	40	1	1
7.50789999962	ICMP	716	716	1	1
5.12816405296	ICMP	242	242	1	1
6.26803612709	TCP	1099	40	1	1
22.1959140301	TCP	1202	40	1	1
1.92158198357	ICMP	339	339	2	2
1.6742169857	ICMP	236	236	2	2
11.6768529415	UDP	210	238	1	1
6.53744196892	UDP	576	576	1	1
13.6018269062	UDP	282	310	1	1
8.01039004326	ICMP	175	175	1	1
2.80488681793	UDP	180	208	1	1
17.1104700565	TCP	837	40	1	1
3.16904497147	ICMP	418	418	1	1
4.44539690018	UDP	1010	576	1	1
24.837127924	UDP	874	576	1	1
2.74830389023	ICMP	296	296	1	1
14.7924551964	TCP	297	40	1	1
18.4235060215	UDP	805	576	1	1
3.02366900444	UDP	740	576	1	1
11.1641969681	ICMP	633	633	1	1
2.86190700531	UDP	161	189	1	1
2.97488021851	TCP	1327	40	1	1
7.23233699799	ICMP	74	74	1	1
13.8088300228	UDP	527	555	1	1
4.64744091034	UDP	116	144	1	1
15.438824892	TCP	1138	40	1	1
5.29718494415	UDP	965	576	1	1
9.62454009056	ICMP	304	304	1	2
8.38665008545	TCP	395	40	1	1
2.42055296898	TCP	1193	40	1	1
20.2146608829	TCP	487	40	1	1
0.705480098724	UDP	723	576	2	2
7.17666196823	ICMP	311	311	1	1
7.75073814392	TCP	1244	40	1	1
6.3603041172	ICMP	466	466	1	1
2.93135213852	UDP	584	576	1	2
6.25684690475	ICMP	290	290	1	1
13.8594307899	ICMP	656	656	1	1
5.41143608093	TCP	637	40	1	1
10.8375451565	TCP	413	40	1	1
7.23094201088	TCP	625	40	1	1
7.73407292366	TCP	78	40	1	1
3.36244487762	ICMP	275	275	1	2
9.68481016159	TCP	193	40	1	1
3.73021483421	TCP	484	40	1	1
1.89093399048	ICMP	324	324	2	3
3.82721805573	TCP	141	40	1	1
7.47071313858	UDP	168	196	1	1
5.1948018074	TCP	879	40	1	1
4.00234794617	TCP	1320	40	1	1
3.99091911316	UDP	851	576	1	1
1.47846198082	ICMP	73	73	2	3
10.3731269836	TCP	1270	40	1	1
3.96464490891	TCP	66	40	1	1
6.76910400391	TCP	1009	40	1	1
6.90991711617	TCP	174	40	1	1
1.48612689972	TCP	707	40	2	2
4.8237850666	ICMP	399	399	1	1
8.02132701874	UDP	883	576	1	1
5.2952849865	UDP	431	459	1	1
22.2677588463	ICMP	681	681	1	1
1.94917201996	TCP	500	40	2	2
1.28659105301	TCP	1263	40	2	2
7.48773598671	TCP	1192	40	1	1
4.17560505867	ICMP	245	245	1	1
6.17465901375	TCP	385	40	1	1
6.02411580086	TCP	1065	40	1	1
12.6867141724	TCP	504	40	1	1
5.63505601883	TCP	1265	40	1	1
7.73186302185	ICMP	223	223	1	1
29.7247869968	TCP	447	40	1	1
4.61231088638	ICMP	71	71	1	1
8.01443886757	ICMP	258	258	1	1
2.73348093033	UDP	978	576	1	1
2.6549551487	TCP	1068	40	1	1
5.86665296555	TCP	769	40	1	1
4.58193302155	ICMP	388	388	1	1
6.6348490715	UDP	322	350	1	2
4.66983795166	UDP	543	571	1	1
13.8302090168	ICMP	605	605	1	1
7.40209102631	TCP	832	40	1	1
4.45161795616	TCP	914	40	1	1
1.29102110863	ICMP	177	177	2	2
4.74456715584	TCP	1275	40	1	1
3.25869703293	TCP	704	40	1	1
6.66173315048	ICMP	70	70	1	1
16.42709589	TCP	579	40	1	1
4.65661001205	TCP	116	40	1	1
5.28897690773	ICMP	203	203	1	1
23.5739648342	UDP	793	576	1	1
5.65240383148	TCP	281	40	1	1
6.99523115158	TCP	192	40	1	1
7.05807685852	UDP	222	250	1	1
5.47867703438	ICMP	600	600	1	1
16.0394890308	ICMP	395	395	1	1
16.3863899708	TCP	541	40	1	1
4.4231710434	UDP	647	576	1	1
5.33161616325	TCP	204	40	1	1
15.5096731186	TCP	1248	40	1	1
6.01538395882	TCP	1138	40	1	1
5.19535112381	ICMP	166	166	1	1
10.6604321003	UDP	938	576	1	1
15.0768258572	TCP	954	40	1	1
6.47099995613	TCP	243	40	1	2
10.6708459854	UDP	326	354	1	1
2.54422712326	TCP	199	40	1	1
6.60364198685	ICMP	455	455	1	1
8.51624703407	TCP	1184	40	1	1
3.27473092079	TCP	584	40	1	2
10.5100851059	TCP	150	40	1	1
19.7433209419	TCP	1282	40	1	1
15.918915987	TCP	797	40	1	1
2.84525799751	ICMP	279	279	1	1
7.79145002365	UDP	472	500	1	1
10.9830150604	TCP	1120	40	1	1
5.58984494209	TCP	806	40	1	1
11.5209069252	ICMP	191	191	1	1
4.26426506042	TCP	731	40	1	1
8.04803586006	ICMP	305	305	1	1
4.04501414299	UDP	762	576	1	2
1.58086013794	ICMP	398	398	2	2
8.19931006432	ICMP	320	320	1	1
10.9322550297	UDP	718	576	1	1
6.45368003845	ICMP	139	139	1	1
14.8287739754	TCP	518	40	1	1
11.0049040318	TCP	200	40	1	1
8.49091005325	UDP	910	576	1	1
24.6687848568	TCP	623	40	1	1
6.3232820034	TCP	69	40	1	1
5.829652071	ICMP	289	289	1	1
6.26449084282	TCP	792	40	1	1
9.24505209923	ICMP	266	266	1	1
8.53304600716	TCP	1040	40	1	2
3.42929601669	ICMP	566	566	1	1
5.92938303947	ICMP	310	310	1	1
1.86737298965	UDP	502	530	2	2
13.3095850945	ICMP	464	464	1	1
10.6322398186	UDP	978	576	1	1
25.8151500225	TCP	562	40	1	2
8.37229609489	TCP	331	40	1	1
30.1239988804	TCP	331	40	1	1
7.0307738781	TCP	167	40	1	1
11.2490808964	UDP	621	576	1	1
4.70008301735	ICMP	678	678	1	1
10.069797039	TCP	403	40	1	2
9.2953710556	TCP	402	40	1	1
3.28494381905	ICMP	546	546	1	1
17.1159551144	TCP	816	40	1	1
13.241271019	ICMP	528	528	1	1
18.882073164	TCP	366	40	1	1
4.30985307693	UDP	485	513	1	1
8.93676710129	ICMP	247	247	1	2
3.48544502258	TCP	559	40	1	1
4.92546105385	TCP	50	40	1	1
4.19240903854	UDP	145	173	1	1
10.6704499722	ICMP	245	245	1	2
20.975730896	TCP	179	40	1	1
4.83648300171	TCP	779	40	1	1
8.67925405502	ICMP	599	599	1	1
4.40196013451	UDP	538	566	1	1
4.52514600754	TCP	979	40	1	1
4.10934710503	ICMP	561	561	1	1
8.90225791931	ICMP	623	623	1	1
10.107642889	TCP	124	40	1	1
5.06374716759	ICMP	687	687	1	1
2.48219203949	ICMP	686	686	1	1
4.43321108818	TCP	230	40	1	1
3.40400314331	ICMP	582	582	1	1
7.08650588989	ICMP	527	527	1	1
15.5254511833	ICMP	396	396	1	1
3.71844601631	TCP	290	40	1	1
6.36795902252	ICMP	435	435	1	1
6.14592599869	TCP	911	40	1	1
18.0434548855	UDP	164	192	1	2
8.1725268364	TCP	941	40	1	1
6.74977898598	TCP	1056	40	1	1
2.00430798531	UDP	559	576	1	1
15.8136761189	UDP	512	540	1	1
11.64529109	TCP	341	40	1	1
6.87830615044	ICMP	606	606	1	1
7.33318400383	ICMP	253	253	1	2
6.41902208328	ICMP	278	278	1	1
8.36996412277	TCP	1029	40	1	1
1.73776698112	UDP	34	62	2	3
13.7669701576	UDP	912	576	1	1
9.08932709694	ICMP	457	457	1	1
1.37179708481	TCP	293	40	2	3
3.85760998726	UDP	73	101	1	2
4.24244999886	TCP	296	40	1	1
5.38116788864	ICMP	133	133	1	1
14.178030014	ICMP	257	257	1	2
5.61174082756	TCP	445	40	1	1
18.0029680729	TCP	1273	40	1	1
5.14337301254	TCP	319	40	1	1
11.8847410679	ICMP	132	132	1	1
5.09013986588	TCP	362	40	1	2
20.55382514	UDP	430	458	1	1
7.65998196602	TCP	156	40	1	1
10.4419748783	TCP	388	40	1	1
6.35128092766	TCP	452	40	1	1
3.12113499641	TCP	1121	40	1	2
2.58949899673	TCP	438	40	1	1
4.0121088028	ICMP	345	345	1	1
27.3481550217	TCP	628	40	1	1
9.82195186615	TCP	464	40	1	1
3.10993218422	TCP	510	40	1	1
5.74758410454	TCP	386	40	1	2
6.66287899017	TCP	185	40	1	1
16.0727679729	TCP	112	40	1	3
11.1944169998	TCP	570	40	1	1
4.87409090996	TCP	1156	40	1	1
5.66470909119	ICMP	566	566	1	1
5.89078712463	ICMP	284	284	1	1
8.69517207146	UDP	694	576	1	2
8.25871491432	ICMP	622	622	1	1
15.8048150539	UDP	333	361	1	1
3.21510004997	ICMP	120	120	1	1
6.41244196892	TCP	460	40	1	1
3.06525301933	ICMP	467	467	1	1
1.69701719284	TCP	568	40	2	2
25.0546069145	TCP	1096	40	1	1
16.0793220997	TCP	654	40	1	1
5.71298384666	TCP	728	40	1	1
6.30828714371	ICMP	726	726	1	2
9.2886300087	UDP	667	576	1	1
8.48036503792	UDP	944	576	1	1
11.4083511829	ICMP	230	230	1	1
6.54071187973	TCP	1326	40	1	1
20.8174948692	ICMP	98	98	1	1
15.814319849	TCP	794	40	1	1
6.58695793152	TCP	250	40	1	1
8.86220788956	ICMP	402	402	1	1
7.43056297302	ICMP	666	666	1	1
9.34560012817	UDP	962	576	1	1
4.36014103889	ICMP	467	467	1	1
9.67849612236	ICMP	530	530	1	1
26.3059031963	UDP	530	558	1	1
8.96270990372	TCP	515	40	1	2
3.30266714096	UDP	104	132	1	1
11.2337810993	TCP	910	40	1	1
10.8134920597	ICMP	579	579	1	1
7.96588397026	ICMP	270	270	1	1
6.33236193657	ICMP	576	576	1	1
26.7145581245	TCP	1031	40	1	1
6.23473501205	ICMP	461	461	1	1
6.4920129776	TCP	768	40	1	1
7.45057797432	UDP	582	576	1	1
3.43215608597	TCP	426	40	1	1
9.32467293739	TCP	218	40	1	1
19.0613470078	TCP	261	40	1	1
4.37495493889	ICMP	611	611	1	1
7.93156981468	ICMP	551	551	1	1
5.44969177246	UDP	1009	576	1	1
22.7078471184	TCP	436	40	1	1
6.24839496613	TCP	1225	40	1	1
4.88168907166	TCP	169	40	1	1
27.6603200436	TCP	950	40	1	1
2.56566309929	TCP	1134	40	1	1
3.01240301132	ICMP	534	534	1	1
1.20880389214	ICMP	190	190	2	2
3.23817706108	TCP	905	40	1	1
8.67881703377	TCP	663	40	1	1
15.7006549835	TCP	327	40	1	1
5.09171199799	TCP	55	40	1	1
9.35521697998	TCP	628	40	1	1
3.8349480629	UDP	78	106	1	1
2.63213300705	TCP	699	40	1	1
18.1772801876	TCP	1298	40	1	1
10.9909200668	TCP	584	40	1	1
6.75003504753	TCP	1310	40	1	1
12.0629920959	TCP	761	40	1	1
5.18051981926	ICMP	107	107	1	1
2.22846794128	ICMP	259	259	1	1
4.80598092079	UDP	937	576	1	1
9.63340306282	UDP	190	218	1	1
10.2926371098	TCP	1014	40	1	1
23.856951952	TCP	1299	40	1	1
6.45982789993	TCP	1316	40	1	1
11.2259058952	ICMP	668	668	1	1
4.20118689537	ICMP	582	582	1	1
5.59097909927	UDP	371	399	1	1
6.90906214714	UDP	103	131	1	1
8.16057395935	TCP	544	40	1	1
3.10360598564	TCP	122	40	1	1
2.92435193062	TCP	646	40	1	1
4.09731411934	ICMP	237	237	1	1
6.832903862	TCP	841	40	1	1
5.08990812302	UDP	332	360	1	1
7.68481302261	TCP	593	40	1	1
11.8704829216	UDP	132	160	1	1
6.43067216873	ICMP	61	61	1	1
16.1103599072	TCP	1305	40	1	1
13.573707819	UDP	576	576	1	1
1.69963383675	TCP	846	40	2	2
3.02917098999	TCP	619	40	1	1
4.99821615219	ICMP	645	645	1	1
6.43046379089	UDP	705	576	1	1
3.68425107002	TCP	471	40	1	1
7.79122495651	UDP	298	326	1	1
5.68153381348	TCP	1124	40	1	1
8.9918961525	UDP	166	194	1	1
2.58331990242	UDP	816	576	1	1
9.40410995483	TCP	1000	40	1	1
9.32740807533	TCP	876	40	1	1
1.76122903824	TCP	329	40	2	2
4.33598303795	ICMP	583	583	1	1
10.5235080719	ICMP	213	213	1	1
10.7622020245	TCP	235	40	1	1
5.66124105453	ICMP	76	76	1	1
9.18913006783	ICMP	422	422	1	1
3.03925895691	TCP	1157	40	1	1
19.3722128868	TCP	250	40	1	1
23.710116148	TCP	255	40	1	1
4.92729902267	ICMP	384	384	1	2
13.1866438389	TCP	611	40	1	1
3.98418903351	TCP	101	40	1	1
3.38562202454	UDP	315	343	1	1
4.0732228756	TCP	1128	40	1	1
4.9429090023	UDP	81	109	1	2
8.10525202751	TCP	313	40	1	1
5.38200902939	TCP	866	40	1	1
9.76387095451	TCP	878	40	1	1
6.77775597572	TCP	993	40	1	1
4.28176116943	TCP	128	40	1	1
6.66716504097	ICMP	639	639	1	1
14.2915041447	TCP	61	40	1	1
22.8306920528	TCP	1172	40	1	1
6.36447620392	ICMP	181	181	1	1
11.1011128426	TCP	805	40	1	1
7.74346709251	UDP	1021	576	1	2
4.10460186005	TCP	316	40	1	1
3.24904990196	ICMP	65	65	1	1
10.9931499958	TCP	1316	40	1	1
1.66975998878	TCP	925	40	2	2
12.147151947	UDP	825	576	1	1
1.4186398983	TCP	1282	40	2	2
0.662266016006	TCP	107	40	2	2
23.4664208889	UDP	1012	576	1	1
7.19883489609	TCP	501	40	1	1
11.8692889214	TCP	1115	40	1	1
8.98179793358	UDP	363	391	1	1
9.54903507233	TCP	1132	40	1	1
6.20334100723	ICMP	563	563	1	1
4.65855097771	ICMP	311	311	1	2
9.13624382019	ICMP	176	176	1	2
3.62227606773	TCP	242	40	1	1
21.0860209465	ICMP	369	369	1	1
20.7359740734	UDP	715	576	1	2
15.5814180374	TCP	1156	40	1	1
28.8862609863	TCP	1117	40	1	1
4.11294794083	UDP	482	510	1	1
20.1847999096	TCP	652	40	1	1
4.35947012901	UDP	76	104	1	1
9.67914009094	ICMP	708	708	1	1
10.4186902046	TCP	94	40	1	1
3.89660596848	UDP	934	576	1	2
8.72709608078	TCP	1188	40	1	1
7.31435799599	TCP	346	40	1	2
27.1859169006	UDP	591	576	1	1
10.4190678596	TCP	215	40	1	1
12.854695797	ICMP	583	583	1	1
8.2564458847	ICMP	668	668	1	1
5.33759713173	UDP	159	187	1	1
11.3226900101	TCP	115	40	1	1
8.36563301086	ICMP	186	186	1	1
19.1087760925	ICMP	283	283	1	1
17.060311079	TCP	383	40	1	1
5.72105717659	TCP	792	40	1	1
15.7677199841	TCP	207	40	1	1
1.44458079338	ICMP	341	341	2	2
4.43514299393	UDP	979	576	1	1
12.0568089485	ICMP	222	222	1	3
6.4499001503	ICMP	631	631	1	1
7.65839886665	TCP	75	40	1	1
8.52839422226	TCP	1044	40	1	1
4.4444000721	ICMP	533	533	1	1
15.5793738365	TCP	1141	40	1	1
3.49959778786	UDP	404	432	1	1
8.50746393204	TCP	543	40	1	1
4.26032781601	ICMP	112	112	1	1
12.7904829979	TCP	482	40	1	1
6.27822709084	TCP	1037	40	1	1
4.4484269619	UDP	813	576	1	1
5.18702197075	UDP	418	446	1	2
4.03907680511	TCP	1211	40	1	2
6.49692392349	TCP	814	40	1	1
3.73034381866	TCP	1077	40	1	1
7.67402791977	ICMP	294	294	1	1
3.35088801384	TCP	377	40	1	1
3.97843503952	TCP	425	40	1	2
22.2113499641	ICMP	326	326	1	1
7.1984500885	UDP	652	576	1	1
23.473115921	ICMP	483	483	1	1
2.90803098679	ICMP	486	486	1	1
1.76516604424	ICMP	618	618	2	2
4.22853517532	ICMP	628	628	1	1
9.48299598694	TCP	1030	40	1	2
15.5251820087	TCP	889	40	1	1
6.74917292595	TCP	448	40	1	1
7.64152812958	TCP	105	40	1	2
5.66443109512	TCP	712	40	1	1
11.0529680252	TCP	342	40	1	1
8.19572401047	ICMP	361	361	1	1
20.4317100048	UDP	974	576	1	1
6.38758993149	TCP	1205	40	1	1
8.49773192406	TCP	350	40	1	1
6.34559202194	ICMP	437	437	1	1
7.030189991	TCP	406	40	1	1
10.5507700443	ICMP	519	519	1	1
4.0088160038	ICMP	363	363	1	1
4.14222288132	ICMP	334	334	1	1
5.67788505554	TCP	1229	40	1	1
4.61974620819	TCP	1195	40	1	1
2.81798291206	ICMP	487	487	1	1
23.2551949024	TCP	312	40	1	1
15.2494490147	UDP	275	303	1	1
3.75734090805	ICMP	599	599	1	1
3.82720398903	UDP	530	558	1	1
9.46852684021	TCP	77	40	1	1
5.39005994797	TCP	1231	40	1	1
10.0692219734	TCP	1264	40	1	1
5.22286987305	ICMP	330	330	1	1
4.94938707352	TCP	1290	40	1	1
4.11386990547	TCP	993	40	1	1
14.697988987	ICMP	356	356	1	1
9.67849397659	ICMP	600	600	1	1
9.81060194969	TCP	939	40	1	1
6.6274189949	ICMP	463	463	1	1
7.54672002792	TCP	484	40	1	1
27.8166880608	ICMP	90	90	1	1
1.15991997719	TCP	1235	40	2	2
9.28384184837	TCP	485	40	1	1
1.17705202103	TCP	780	40	2	2
4.24486780167	TCP	346	40	1	1
4.86037993431	ICMP	575	575	1	1
5.82140803337	TCP	322	40	1	2
9.39890098572	TCP	1046	40	1	1
2.95183706284	UDP	880	576	1	1
3.94600701332	TCP	172	40	1	2
7.31617498398	TCP	382	40	1	2
5.03496694565	UDP	959	576	1	1
3.08563899994	ICMP	261	261	1	1
6.92301797867	ICMP	308	308	1	1
9.93005800247	UDP	218	246	1	1
18.6024768353	TCP	1088	40	1	1
12.9597611427	UDP	916	576	1	1
5.40701413155	ICMP	462	462	1	1
7.61334013939	UDP	63	91	1	1
7.48171591759	ICMP	333	333	1	1
24.3281030655	TCP	840	40	1	1
1.83463096619	ICMP	189	189	2	2
16.0255730152	ICMP	350	350	1	1
3.11337900162	ICMP	561	561	1	1
2.50385212898	ICMP	429	429	1	1
7.27442193031	UDP	814	576	1	1
21.2676229477	ICMP	420	420	1	1
4.90684700012	TCP	136	40	1	1
1.74287390709	UDP	489	517	2	2
6.25623703003	TCP	376	40	1	1
20.7759258747	TCP	392	40	1	1
4.46431803703	TCP	401	40	1	2
9.96870303154	UDP	969	576	1	1
3.25694108009	TCP	530	40	1	1
1.1622428894	TCP	916	40	2	2
7.96788191795	TCP	896	40	1	1
8.5403239727	TCP	671	40	1	1
20.8147070408	UDP	551	576	1	1
2.75754499435	ICMP	711	711	1	1
6.96925711632	ICMP	62	62	1	1
17.4820928574	TCP	808	40	1	2
8.62228894234	TCP	641	40	1	1
8.03030610085	TCP	567	40	1	1
10.4264521599	TCP	809	40	1	1
6.23943591118	TCP	221	40	1	1
4.23117089272	TCP	590	40	1	1
4.14680790901	TCP	945	40	1	1
19.4620900154	TCP	301	40	1	1
5.29352903366	ICMP	697	697	1	1
9.79585790634	TCP	291	40	1	2
14.5343689919	TCP	1066	40	1	1
16.3096210957	TCP	981	40	1	1
0.698147058487	TCP	832	40	2	2
3.23489713669	TCP	333	40	1	1
2.47221803665	TCP	965	40	1	1
5.91068696976	TCP	526	40	1	2
8.22592496872	TCP	313	40	1	1
9.27078294754	TCP	119	40	1	1
0.668002843857	TCP	422	40	2	2
3.45932507515	TCP	358	40	1	1
25.512141943	ICMP	269	269	1	1
3.81964492798	ICMP	584	584	1	1
24.0807549953	TCP	516	40	1	1
7.93267703056	TCP	485	40	1	1
7.92165207863	UDP	840	576	1	1
8.79457998276	TCP	1010	40	1	1
6.26855993271	TCP	1073	40	1	1
2.74495792389	TCP	956	40	1	1
3.98007893562	ICMP	219	219	1	1
7.12221384048	TCP	569	40	1	1
5.13810896873	ICMP	512	512	1	1
8.31528806686	TCP	1158	40	1	1
2.582269907	TCP	145	40	1	1
5.15127086639	UDP	367	395	1	1
4.53861689568	TCP	464	40	1	1
1.54779887199	ICMP	109	109	2	2
15.824639082	UDP	793	576	1	1
3.16768407822	TCP	798	40	1	1
4.63825392723	TCP	1250	40	1	1
6.81823205948	ICMP	102	102	1	1
11.8000230789	TCP	930	40	1	1
7.20778489113	TCP	413	40	1	1
9.62304997444	ICMP	464	464	1	1
15.4243218899	TCP	1008	40	1	1
13.3711400032	TCP	115	40	1	1
9.41583299637	TCP	629	40	1	1
8.40403199196	TCP	589	40	1	1
6.99239778519	TCP	918	40	1	1
14.5128788948	ICMP	615	615	1	1
6.83734822273	TCP	1055	40	1	1
2.91293120384	ICMP	202	202	1	1
5.5690331459	UDP	339	367	1	1
14.4112229347	TCP	206	40	1	1
24.6837940216	UDP	1013	576	1	2
6.1598508358	TCP	1069	40	1	1
3.94294095039	TCP	303	40	1	1
9.11100411415	UDP	286	314	1	1
9.82814693451	TCP	1331	40	1	1
7.68224811554	TCP	700	40	1	1
10.2810301781	ICMP	100	100	1	1
10.0642111301	TCP	284	40	1	1
8.40151405334	ICMP	599	599	1	1
1.85514688492	TCP	630	40	2	2
14.6759691238	ICMP	219	219	1	1
11.3290610313	ICMP	530	530	1	2
4.66144394875	UDP	1008	576	1	1
7.70414400101	TCP	1207	40	1	1
18.7612359524	ICMP	272	272	1	1
3.10036206245	TCP	713	40	1	1
7.3869099617	TCP	1190	40	1	1
10.7761490345	ICMP	296	296	1	1
4.36198782921	ICMP	212	212	1	1
2.87273001671	TCP	1085	40	1	1
8.20454001427	ICMP	385	385	1	1
13.4125578403	TCP	638	40	1	1
4.25895404816	TCP	460	40	1	1
2.90156197548	TCP	417	40	1	1
2.83948516846	ICMP	293	293	1	1
3.22316002846	UDP	404	432	1	1
8.10819101334	UDP	803	576	1	1
13.1463890076	ICMP	496	496	1	1
9.65179896355	TCP	185	40	1	1
1.49964308739	UDP	386	414	2	2
12.7995109558	TCP	1094	40	1	1
13.1906862259	ICMP	715	715	1	1
9.19879293442	UDP	679	576	1	1
9.20444417	ICMP	620	620	1	1
6.23236012459	TCP	925	40	1	1
5.54548382759	ICMP	411	411	1	1
6.10341501236	UDP	639	576	1	1
9.80045509338	ICMP	596	596	1	1
4.62082505226	ICMP	263	263	1	1
1.79839706421	UDP	78	106	2	2
3.35190296173	ICMP	164	164	1	1
10.1318268776	TCP	745	40	1	1
24.9096820354	ICMP	496	496	1	1
5.43033719063	TCP	992	40	1	1
1.71053385735	TCP	207	40	2	2
4.2123169899	UDP	638	576	1	2
24.4387509823	TCP	178	40	1	1
10.8031690121	TCP	688	40	1	1
7.33343696594	TCP	688	40	1	1
14.6503961086	ICMP	220	220	1	1
8.9566450119	TCP	82	40	1	1
4.06301498413	TCP	821	40	1	1
16.3688189983	ICMP	292	292	1	1
18.8966870308	ICMP	259	259	1	1
7.82204604149	TCP	915	40	1	1
5.79540586472	TCP	1088	40	1	1
5.42386412621	ICMP	679	679	1	1
8.97911119461	UDP	584	576	1	1
14.8866810799	ICMP	300	300	1	1
19.8070030212	UDP	333	361	1	1
3.64814901352	TCP	1147	40	1	1
9.73696708679	UDP	252	280	1	1
10.0993709564	TCP	957	40	1	2
6.53573799133	TCP	182	40	1	1
7.01487398148	ICMP	328	328	1	2
24.3892030716	UDP	822	576	1	1
26.0832362175	TCP	478	40	1	1
7.53427100182	ICMP	393	393	1	1
6.12564396858	ICMP	677	677	1	1
2.53009486198	ICMP	336	336	1	1
1.33667397499	TCP	282	40	2	2
6.21800494194	TCP	105	40	1	1
5.25834202766	TCP	497	40	1	1
2.53996706009	TCP	395	40	1	1
9.34247803688	UDP	911	576	1	1
5.71452903748	TCP	702	40	1	1
13.5139560699	UDP	776	576	1	1
7.72203493118	TCP	1224	40	1	1
23.5902988911	TCP	696	40	1	1
22.3834209442	TCP	838	40	1	2
1.82928991318	TCP	70	40	2	2
8.77955412865	TCP	960	40	1	1
23.1415600777	TCP	377	40	1	1
3.55983710289	TCP	865	40	1	1
2.51020288467	TCP	51	40	1	1
5.26862812042	ICMP	680	680	1	1
4.46096301079	UDP	718	576	1	1
6.25335288048	TCP	1037	40	1	1
8.13267111778	ICMP	61	61	1	1
1.39628720284	ICMP	529	529	2	2
7.69070315361	TCP	701	40	1	1
4.52005720139	ICMP	124	124	1	1
1.15781283379	TCP	1055	40	2	2
13.0807518959	ICMP	649	649	1	1
5.14053297043	TCP	1304	40	1	1
5.7527050972	UDP	728	576	1	1
14.2398080826	ICMP	648	648	1	1
1.91288089752	ICMP	122	122	2	2
8.20299696922	UDP	66	94	1	1
5.39520597458	TCP	169	40	1	1
14.3295209408	TCP	1147	40	1	2
3.40808391571	ICMP	83	83	1	1
8.00995707512	TCP	77	40	1	1
26.7870290279	UDP	705	576	1	1
2.16473913193	TCP	1251	40	1	1
0.899095058441	TCP	1258	40	2	2
13.3309659958	UDP	323	351	1	1
3.04893994331	TCP	1260	40	1	1
6.79902791977	TCP	1306	40	1	1
19.8441879749	ICMP	557	557	1	1
10.9766640663	UDP	950	576	1	1
8.00197219849	UDP	944	576	1	2
8.32873392105	TCP	1134	40	1	1
1.15504407883	ICMP	66	66	2	2
8.29038786888	TCP	799	40	1	1
15.3898780346	ICMP	571	571	1	1
3.8820400238	ICMP	664	664	1	1
1.15051007271	UDP	509	537	2	2
3.71777820587	TCP	484	40	1	1
15.1371660233	TCP	1278	40	1	1
2.79057002068	TCP	240	40	1	1
8.99646496773	TCP	644	40	1	1
11.442896843	TCP	799	40	1	1
7.25041103363	TCP	482	40	1	1
30.8699400425	ICMP	526	526	1	1
7.66191697121	TCP	671	40	1	1
5.51802206039	TCP	694	40	1	1
18.7414841652	UDP	770	576	1	1
26.4636509418	ICMP	700	700	1	1
2.54710316658	TCP	622	40	1	1
2.54123806953	TCP	515	40	1	2
2.1236000061	TCP	1277	40	1	1
6.47514009476	TCP	289	40	1	2
24.6099441051	TCP	469	40	1	1
7.41047596931	UDP	115	143	1	1
4.56675100327	TCP	1173	40	1	1
4.07322001457	ICMP	411	411	1	1
17.3710870743	TCP	377	40	1	1
2.64556789398	TCP	431	40	1	1
18.9985070229	UDP	868	576	1	1
20.9331958294	TCP	945	40	1	1
10.6468069553	TCP	648	40	1	1
3.02645111084	UDP	207	235	1	1
6.29570102692	UDP	217	245	1	1
5.33164286613	TCP	1268	40	1	2
27.123426199	TCP	400	40	1	1
4.35075712204	ICMP	220	220	1	2
3.03461718559	ICMP	362	362	1	1
27.7873270512	ICMP	683	683	1	2
9.27081990242	TCP	453	40	1	2
9.0643389225	TCP	1177	40	1	1
3.46207904816	TCP	1246	40	1	1
3.34050297737	TCP	1296	40	1	1
6.7044711113	UDP	481	509	1	1
7.89964389801	ICMP	301	301	1	1
7.38986301422	UDP	418	446	1	1
28.7991330624	ICMP	685	685	1	1
20.6700770855	ICMP	156	156	1	1
4.94698500633	TCP	373	40	1	1
6.01044297218	TCP	148	40	1	1
8.39794516563	UDP	802	576	1	1
1.22663593292	TCP	688	40	2	2
18.6998138428	ICMP	534	534	1	1
5.6705930233	TCP	102	40	1	1
7.82753992081	TCP	1037	40	1	1
9.18538212776	ICMP	568	568	1	1
16.7443630695	ICMP	126	126	1	1
4.64359903336	TCP	544	40	1	1
6.49999809265	UDP	922	576	1	1
4.86200499535	ICMP	285	285	1	1
3.00028300285	TCP	1081	40	1	1
1.88003921509	UDP	125	153	2	2
20.0316171646	ICMP	674	674	1	1
4.98982310295	TCP	304	40	1	1
14.2926850319	ICMP	394	394	1	1
3.92273521423	TCP	325	40	1	1
4.33283209801	TCP	1120	40	1	1
5.87665009499	ICMP	290	290	1	1
9.91889119148	TCP	961	40	1	1
3.03138613701	UDP	473	501	1	1
5.0302028656	ICMP	314	314	1	2
6.52625703812	ICMP	146	146	1	1
14.5541880131	TCP	201	40	1	1
3.25991201401	UDP	38	66	1	1
25.2922511101	TCP	857	40	1	1
22.3222579956	TCP	95	40	1	1
5.4063270092	TCP	980	40	1	1
18.0640161037	ICMP	639	639	1	1
0.88682103157	TCP	767	40	2	2
23.2992300987	ICMP	96	96	1	1
6.79269099236	ICMP	655	655	1	1
4.09304189682	ICMP	436	436	1	1
4.44613599777	ICMP	345	345	1	1
4.34807705879	ICMP	214	214	1	1
26.6742768288	TCP	180	40	1	1
11.6193637848	ICMP	495	495	1	1
7.26143717766	ICMP	174	174	1	1
7.63197994232	ICMP	685	685	1	1
4.09223103523	TCP	1126	40	1	2
25.9031140804	ICMP	372	372	1	1
3.2209789753	ICMP	253	253	1	1
6.42216587067	TCP	645	40	1	1
6.33373403549	UDP	349	377	1	1
3.65392518044	UDP	875	576	1	1
15.3171000481	TCP	1062	40	1	2
7.2344520092	TCP	175	40	1	1
17.9841580391	ICMP	492	492	1	1
15.3101911545	TCP	61	40	1	1
8.19537711143	ICMP	207	207	1	1
5.46806502342	TCP	659	40	1	1
9.97429704666	TCP	1205	40	1	1
2.13610196114	UDP	958	576	1	1
11.619068861	ICMP	382	382	1	1
5.68141484261	TCP	1107	40	1	1
1.12846899033	UDP	389	417	2	2
20.0124678612	TCP	213	40	1	1
10.4597988129	UDP	728	576	1	1
11.1774411201	ICMP	604	604	1	1
9.43017292023	ICMP	416	416	1	1
8.01072096825	TCP	108	40	1	1
8.95634484291	UDP	245	273	1	1
7.62836408615	TCP	775	40	1	1
3.09202694893	ICMP	101	101	1	1
11.1298558712	TCP	558	40	1	1
0.923933982849	TCP	859	40	2	2
7.26092290878	UDP	928	576	1	1
2.03034687042	TCP	710	40	1	1
4.44975805283	ICMP	561	561	1	1
4.04759693146	ICMP	260	260	1	1
6.36286401749	ICMP	71	71	1	1
3.84821486473	ICMP	395	395	1	1
23.4581890106	UDP	655	576	1	1
5.48242616653	TCP	324	40	1	2
11.1144890785	TCP	1164	40	1	1
3.46454191208	TCP	765	40	1	2
8.08861613274	ICMP	223	223	1	1
16.0043389797	UDP	779	576	1	1
3.80209898949	TCP	370	40	1	1
22.1511261463	UDP	343	371	1	1
6.61598706245	TCP	1048	40	1	1
4.34136605263	TCP	1299	40	1	1
9.96031403542	ICMP	426	426	1	1
24.6529369354	ICMP	518	518	1	2
3.99681401253	TCP	77	40	1	2
4.1162788868	TCP	1018	40	1	1
8.0397028923	ICMP	699	699	1	1
5.27347517014	TCP	147	40	1	2
9.54707098007	TCP	411	40	1	1
3.16948604584	TCP	463	40	1	1
7.4515171051	ICMP	272	272	1	1
12.036495924	TCP	476	40	1	1
2.4610991478	TCP	1047	40	1	1
20.9519789219	TCP	815	40	1	1
26.5635368824	TCP	351	40	1	1
2.40097498894	TCP	401	40	1	1
18.9195249081	UDP	675	576	1	1
15.6145689487	ICMP	426	426	1	1
3.84005904198	TCP	475	40	1	1
4.95500612259	TCP	882	40	1	1
16.9098770618	TCP	237	40	1	1
5.81742978096	ICMP	705	705	1	1
2.39194297791	UDP	844	576	1	1
8.66104102135	TCP	1068	40	1	1
3.53602194786	UDP	413	441	1	1
15.9413559437	ICMP	246	246	1	1
10.5975971222	UDP	303	331	1	1
2.60582709312	TCP	378	40	1	1
24.8407869339	TCP	154	40	1	1
6.47735905647	ICMP	470	470	1	1
5.16216301918	ICMP	233	233	1	1
5.06643605232	UDP	309	337	1	1
4.1664018631	TCP	1021	40	1	1
21.4476559162	TCP	1113	40	1	1
2.16633987427	UDP	890	576	1	1
1.74968695641	ICMP	247	247	2	3
12.1202440262	UDP	162	190	1	1
7.4751970768	UDP	242	270	1	1
5.21752691269	TCP	150	40	1	1
15.9877991676	UDP	1025	576	1	1
2.15328288078	ICMP	568	568	1	1
16.1911199093	ICMP	370	370	1	1
7.42167901993	UDP	584	576	1	1
7.62948989868	ICMP	492	492	1	1
11.4068100452	TCP	499	40	1	1
2.50153708458	ICMP	436	436	1	2
6.6071999073	TCP	1064	40	1	1
8.28539204597	ICMP	435	435	1	1
6.6503071785	TCP	139	40	1	1
9.60021686554	ICMP	703	703	1	1
7.33366990089	UDP	279	307	1	2
6.70763492584	TCP	687	40	1	1
21.0461940765	UDP	566	576	1	1
2.78006792068	UDP	323	351	1	1
9.05397081375	UDP	826	576	1	2
8.39860296249	TCP	880	40	1	1
8.29349899292	UDP	189	217	1	2
3.66780090332	TCP	228	40	1	1
6.33556294441	ICMP	193	193	1	1
9.92076301575	TCP	901	40	1	1
0.707158088684	ICMP	533	533	2	2
17.5858490467	ICMP	61	61	1	1
10.0707359314	UDP	614	576	1	1
12.9176251888	ICMP	228	228	1	1
4.25342297554	TCP	833	40	1	1
5.23310089111	TCP	835	40	1	1
8.60213088989	ICMP	227	227	1	1
9.16038799286	ICMP	245	245	1	1
2.94749307632	TCP	920	40	1	1
11.0990800858	TCP	963	40	1	1
5.53514289856	UDP	437	465	1	1
7.13984417915	UDP	459	487	1	1
30.8815190792	TCP	1108	40	1	1
11.293874979	ICMP	384	384	1	1
24.9136660099	ICMP	538	538	1	2
11.4764449596	UDP	467	495	1	2
8.90857601166	TCP	340	40	1	2
7.81005620956	ICMP	508	508	1	1
4.32586288452	TCP	264	40	1	1
4.08193087578	ICMP	286	286	1	1
10.0738320351	TCP	510	40	1	1
18.9719669819	UDP	938	576	1	1
9.47199606895	UDP	523	551	1	1
13.0439200401	TCP	980	40	1	2
8.69940710068	UDP	164	192	1	1
2.75917196274	UDP	833	576	1	1
3.38689804077	UDP	245	273	1	1
14.5760278702	TCP	1176	40	1	1
5.77297592163	UDP	447	475	1	2
3.50754308701	ICMP	337	337	1	1
3.77508282661	TCP	102	40	1	1
4.3746240139	TCP	604	40	1	1
25.0561778545	TCP	322	40	1	1
6.14429783821	ICMP	533	533	1	1
2.57148003578	TCP	1340	40	1	1
16.8104729652	TCP	931	40	1	1
5.30809402466	ICMP	561	561	1	2
17.7612988949	UDP	281	309	1	2
28.1598789692	ICMP	352	352	1	2
4.28413200378	TCP	250	40	1	1
4.46840286255	UDP	890	576	1	2
5.12261605263	ICMP	636	636	1	1
5.02128911018	TCP	74	40	1	1
5.99001002312	UDP	757	576	1	1
5.29895782471	TCP	1219	40	1	1
9.18373012543	ICMP	345	345	1	1
8.04443407059	UDP	37	65	1	1
4.72619700432	TCP	118	40	1	1
4.96432209015	ICMP	608	608	1	1
3.66285991669	TCP	205	40	1	1
6.27506804466	ICMP	143	143	1	1
28.0321779251	ICMP	421	421	1	1
4.01882386208	UDP	191	219	1	1
2.60027503967	UDP	672	576	1	2
10.6807148457	TCP	439	40	1	2
5.85187315941	ICMP	656	656	1	1
4.70449614525	UDP	942	576	1	1
4.47686100006	TCP	805	40	1	1
6.95935797691	UDP	129	157	1	1
9.91295194626	TCP	595	40	1	1
27.109798193	TCP	906	40	1	1
14.1335787773	TCP	92	40	1	1
1.74142813683	UDP	185	213	2	2
9.62507295609	UDP	718	576	1	2
4.41306495667	TCP	266	40	1	1
7.50746798515	ICMP	402	402	1	1
23.3315141201	UDP	155	183	1	1
7.44337391853	ICMP	262	262	1	1
9.80161905289	TCP	1260	40	1	1
15.49249506	TCP	52	40	1	1
11.3916630745	ICMP	365	365	1	1
18.0515289307	TCP	365	40	1	1
19.0299978256	TCP	1040	40	1	1
3.83501601219	TCP	776	40	1	1
10.8786039352	UDP	908	576	1	1
10.7033240795	ICMP	458	458	1	1
9.99424910545	TCP	584	40	1	1
5.66649103165	UDP	427	455	1	1
1.20223116875	UDP	133	161	2	2
22.2592189312	UDP	358	386	1	1
6.7812769413	UDP	848	576	1	1
23.3704681396	TCP	1231	40	1	1
17.5507068634	TCP	276	40	1	2
10.8015789986	TCP	49	40	1	1
10.382516861	UDP	726	576	1	1
1.40285992622	TCP	181	40	2	2
9.62192201614	ICMP	689	689	1	1
6.72435712814	TCP	1332	40	1	2
5.98405194283	UDP	397	425	1	1
12.2776398659	ICMP	659	659	1	3
7.54316115379	ICMP	499	499	1	1
25.7690131664	ICMP	151	151	1	1
23.5901818275	TCP	285	40	1	2
13.5064930916	TCP	983	40	1	1
5.57026100159	TCP	832	40	1	1
3.5800640583	TCP	592	40	1	1
19.3482489586	UDP	830	576	1	1
3.91688585281	UDP	1016	576	1	2
2.66651296616	TCP	732	40	1	1
8.2237830162	UDP	55	83	1	1
2.30660891533	UDP	937	576	1	1
3.62613201141	ICMP	586	586	1	1
5.56234097481	ICMP	59	59	1	1
10.910615921	TCP	915	40	1	1
5.55121803284	TCP	1059	40	1	1
4.3738720417	UDP	297	325	1	1
13.5833621025	TCP	488	40	1	1
8.6688888073	TCP	161	40	1	1
7.77059412003	ICMP	106	106	1	1
6.4224588871	UDP	838	576	1	1
8.16678118706	ICMP	128	128	1	1
5.82364296913	ICMP	309	309	1	1
22.3408949375	ICMP	269	269	1	1
7.06089305878	TCP	245	40	1	1
5.84714198112	TCP	245	40	1	1
6.5933880806	TCP	401	40	1	1
5.2533390522	TCP	194	40	1	1
9.87693715096	TCP	281	40	1	1
9.8101401329	TCP	43	40	1	1
8.58289504051	UDP	272	300	1	1
5.13314700127	TCP	47	40	1	1
5.39833879471	ICMP	324	324	1	1
7.62114191055	ICMP	222	222	1	1
6.80334687233	TCP	857	40	1	1
8.23749613762	ICMP	434	434	1	1
4.03500294685	TCP	514	40	1	1
12.0879969597	UDP	851	576	1	1
23.4240779877	TCP	921	40	1	1
15.3032429218	TCP	41	40	1	1
9.90347099304	UDP	482	510	1	1
3.61692595482	ICMP	57	57	1	1
7.69551992416	TCP	47	40	1	1
19.034979105	ICMP	194	194	1	1
9.19458699226	ICMP	655	655	1	1
5.2482380867	TCP	144	40	1	1
14.3164842129	TCP	179	40	1	2
9.85638284683	TCP	1053	40	1	1
4.73876810074	UDP	318	346	1	2
6.03969192505	UDP	66	94	1	1
4.02648305893	UDP	580	576	1	1
7.45443582535	UDP	986	576	1	1
18.0741097927	TCP	1108	40	1	1
9.57138419151	UDP	370	398	1	1
1.78371596336	TCP	764	40	2	2
2.57065200806	TCP	120	40	1	1
5.82336378098	ICMP	309	309	1	1
21.6219201088	ICMP	348	348	1	1
2.60779500008	TCP	305	40	1	3
15.5214369297	ICMP	279	279	1	1
3.52861118317	TCP	947	40	1	1
6.85018801689	TCP	815	40	1	2
3.08532595634	TCP	1149	40	1	1
7.44940304756	TCP	1249	40	1	1
3.96242594719	UDP	697	576	1	1
3.28501796722	ICMP	252	252	1	1
6.40011310577	ICMP	265	265	1	1
7.12291193008	TCP	304	40	1	1
0.701099872589	UDP	746	576	2	2
9.15778398514	TCP	1285	40	1	1
9.70377898216	UDP	421	449	1	1
8.9141960144	TCP	771	40	1	1
9.09834313393	ICMP	171	171	1	1
9.76777410507	TCP	999	40	1	1
9.91869187355	UDP	674	576	1	1
7.24388599396	TCP	935	40	1	1
3.752368927	TCP	139	40	1	1
2.85346698761	ICMP	317	317	1	1
7.0722849369	ICMP	192	192	1	1
6.41384601593	UDP	1013	576	1	1
3.65960907936	TCP	1140	40	1	1
3.9596350193	UDP	495	523	1	1
10.851703167	TCP	1199	40	1	1
11.896556139	TCP	925	40	1	1
10.2939791679	TCP	1103	40	1	1
5.61660289764	TCP	1019	40	1	1
19.7362549305	TCP	845	40	1	1
4.31713414192	TCP	314	40	1	1
9.80346798897	ICMP	181	181	1	1
4.15167188644	TCP	81	40	1	1
1.53052401543	TCP	1322	40	2	2
11.8090178967	UDP	985	576	1	1
5.79930114746	UDP	512	540	1	1
5.32813310623	TCP	395	40	1	1
4.74442791939	TCP	191	40	1	1
10.2968649864	ICMP	236	236	1	1
4.83701109886	ICMP	81	81	1	1
9.11166095734	TCP	323	40	1	1
2.78751683235	TCP	1257	40	1	1
7.0517771244	ICMP	192	192	1	1
3.322453022	UDP	229	257	1	1
7.69147396088	ICMP	583	583	1	1
13.3616700172	TCP	135	40	1	1
14.9099218845	TCP	919	40	1	1
6.5078830719	TCP	1310	40	1	1
12.4699800014	ICMP	177	177	1	1
5.14459204674	UDP	69	97	1	1
25.2116889954	UDP	520	548	1	2
14.6755268574	TCP	287	40	1	1
5.56471204758	ICMP	45	45	1	1
4.31002020836	TCP	130	40	1	2
20.2412538528	TCP	1075	40	1	1
7.93397212029	TCP	528	40	1	1
3.06532621384	TCP	237	40	1	1
8.66002392769	UDP	940	576	1	2
15.1547758579	TCP	311	40	1	1
26.5486419201	TCP	905	40	1	1
4.73417401314	TCP	197	40	1	2
3.8924870491	ICMP	609	609	1	1
4.50523114204	UDP	977	576	1	1
3.30372905731	TCP	1106	40	1	1
25.9569268227	TCP	1225	40	1	1
20.5729839802	UDP	354	382	1	1
23.8460581303	ICMP	160	160	1	1
7.34540200233	TCP	739	40	1	1
3.30188202858	TCP	920	40	1	1
8.6960709095	UDP	138	166	1	1
4.73615694046	UDP	338	366	1	1
9.30588722229	UDP	475	503	1	1
7.98291110992	TCP	645	40	1	1
6.80945801735	TCP	54	40	1	1
5.64139795303	UDP	954	576	1	1
4.56933689117	TCP	349	40	1	1
22.9315500259	TCP	1049	40	1	1
6.64601898193	TCP	413	40	1	1
20.7639009953	UDP	586	576	1	1
5.52150607109	TCP	691	40	1	1
26.4488759041	ICMP	397	397	1	1
6.48026204109	TCP	987	40	1	1
21.3057720661	TCP	1129	40	1	1
7.96417689323	ICMP	571	571	1	1
6.09782505035	ICMP	562	562	1	1
17.5639441013	ICMP	566	566	1	1
22.4901230335	ICMP	564	564	1	1
1.69088411331	TCP	55	40	2	2
8.06004476547	TCP	145	40	1	1
7.12950086594	ICMP	317	317	1	1
12.4461061954	TCP	100	40	1	1
11.9659428596	UDP	356	384	1	1
5.02311611176	UDP	1016	576	1	1
10.925796032	UDP	842	576	1	1
5.85192108154	UDP	502	530	1	2
13.6652498245	TCP	178	40	1	1
7.56872391701	TCP	178	40	1	1
9.98328995705	TCP	1049	40	1	1
24.4218130112	ICMP	187	187	1	1
13.8752350807	TCP	372	40	1	1
14.3576040268	TCP	311	40	1	1
1.73006415367	TCP	702	40	2	2
4.4174888134	TCP	1067	40	1	1
10.6613790989	TCP	666	40	1	1
7.22680306435	ICMP	449	449	1	1
5.52164506912	ICMP	224	224	1	1
2.34518885612	UDP	625	576	1	1
4.8684899807	TCP	793	40	1	2
9.00551509857	TCP	1337	40	1	1
9.71473813057	TCP	1073	40	1	1
3.26494598389	ICMP	610	610	1	1
8.66664719582	TCP	904	40	1	1
11.0759050846	TCP	550	40	1	1
1.85981988907	TCP	519	40	2	4
5.93153691292	ICMP	634	634	1	1
4.98098802567	ICMP	334	334	1	1
14.6157269478	ICMP	64	64	1	1
3.09122204781	TCP	1068	40	1	2
6.28562688828	TCP	893	40	1	1
11.4594509602	ICMP	277	277	1	1
13.5586719513	UDP	67	95	1	1
25.7428531647	TCP	565	40	1	1
7.58757710457	ICMP	482	482	1	1
9.5983941555	TCP	1067	40	1	1
18.5749931335	TCP	331	40	1	1
11.3423678875	TCP	644	40	1	1
7.78746008873	UDP	567	576	1	1
8.28226590157	ICMP	332	332	1	1
9.08433103561	ICMP	609	609	1	1
11.9042589664	TCP	264	40	1	1
6.93552398682	UDP	585	576	1	1
9.34729480743	ICMP	648	648	1	1
4.4823410511	TCP	760	40	1	1
6.18658709526	TCP	529	40	1	1
7.68402504921	ICMP	633	633	1	1
4.60675287247	TCP	962	40	1	1
25.2888729572	UDP	807	576	1	1
8.68567991257	ICMP	624	624	1	1
4.6373488903	TCP	978	40	1	1
0.689383029938	TCP	1104	40	2	2
9.23190522194	UDP	483	511	1	1
5.02604198456	ICMP	283	283	1	1
13.9460089207	ICMP	538	538	1	1
13.9144420624	ICMP	641	641	1	1
5.75019693375	UDP	370	398	1	1
3.34199810028	TCP	1223	40	1	1
4.66028285027	ICMP	427	427	1	1
14.0926599503	TCP	367	40	1	1
13.0573661327	TCP	760	40	1	1
14.759914875	TCP	432	40	1	1
3.2181019783	UDP	1013	576	1	1
11.2135541439	ICMP	50	50	1	1
1.94134783745	TCP	352	40	2	2
6.58915901184	TCP	1202	40	1	1
4.412555933	ICMP	370	370	1	1
3.97426199913	ICMP	229	229	1	3
2.74779081345	TCP	71	40	1	1
11.0098669529	UDP	144	172	1	1
24.4087591171	TCP	1187	40	1	1
6.32811307907	UDP	877	576	1	1
4.01213812828	ICMP	102	102	1	1
10.3057219982	TCP	832	40	1	1
7.50739502907	TCP	580	40	1	2
5.67397284508	TCP	1193	40	1	1
16.325412035	UDP	445	473	1	1
2.01344895363	ICMP	589	589	1	1
5.0369579792	TCP	679	40	1	1
2.60318803787	TCP	1245	40	1	2
4.793197155	TCP	692	40	1	2
3.76326489449	UDP	781	576	1	1
5.58361816406	TCP	188	40	1	1
4.37496805191	TCP	561	40	1	1
8.81798696518	UDP	566	576	1	1
5.13860487938	ICMP	368	368	1	1
2.92674708366	UDP	150	178	1	1
2.8993139267	UDP	638	576	1	1
3.66897201538	UDP	400	428	1	1
22.2196178436	TCP	1021	40	1	1
9.50634717941	TCP	336	40	1	1
1.737803936	TCP	1072	40	2	2
23.300688982	TCP	665	40	1	1
2.92233014107	UDP	658	576	1	1
8.41917085648	TCP	898	40	1	1
4.68145489693	TCP	1017	40	1	1
5.75869989395	TCP	815	40	1	1
8.69660210609	TCP	412	40	1	1
8.27197194099	TCP	818	40	1	1
5.28665494919	ICMP	694	694	1	1
3.65802502632	TCP	603	40	1	1
3.43619394302	TCP	323	40	1	1
3.19989109039	TCP	415	40	1	1
13.1289100647	UDP	858	576	1	2
4.15140104294	TCP	1158	40	1	1
22.8553481102	TCP	706	40	1	1
12.9524970055	TCP	370	40	1	1
9.4096288681	UDP	749	576	1	1
10.1135590076	UDP	574	576	1	1
2.84660220146	TCP	862	40	1	1
7.66829991341	TCP	646	40	1	1
28.9694190025	ICMP	520	520	1	1
13.0713338852	TCP	267	40	1	1
8.67879796028	TCP	604	40	1	1
5.62006306648	TCP	981	40	1	1
15.9695379734	ICMP	436	436	1	1
25.6208231449	TCP	1241	40	1	1
6.26410913467	ICMP	94	94	1	1
10.6610498428	TCP	1146	40	1	1
5.74261617661	ICMP	625	625	1	1
3.7093269825	TCP	364	40	1	1
4.34472799301	UDP	156	184	1	1
9.74641513824	TCP	101	40	1	1
6.61310195923	ICMP	45	45	1	1
1.76897096634	UDP	757	576	2	2
7.19625782967	TCP	88	40	1	1
1.86690211296	TCP	1230	40	2	2
4.45603203773	TCP	342	40	1	1
29.9499080181	ICMP	261	261	1	1
14.7907400131	TCP	787	40	1	1
3.77005195618	ICMP	297	297	1	1
24.130795002	UDP	233	261	1	1
9.45546007156	ICMP	136	136	1	1
7.59889602661	ICMP	670	670	1	1
6.68138384819	ICMP	694	694	1	1
3.93449807167	UDP	918	576	1	1
6.36967396736	ICMP	717	717	1	1
4.7675819397	ICMP	110	110	1	1
3.73149609566	UDP	515	543	1	1
6.23418903351	TCP	191	40	1	1
3.14885902405	UDP	500	528	1	1
3.13582015038	UDP	491	519	1	1
6.30314016342	TCP	1009	40	1	1
4.3870639801	TCP	79	40	1	1
6.24006295204	ICMP	717	717	1	1
19.6121399403	TCP	186	40	1	1
7.18421697617	TCP	425	40	1	1
16.7549331188	TCP	1223	40	1	1
4.92452120781	TCP	194	40	1	1
1.63249707222	TCP	765	40	2	2
27.1609230042	TCP	1126	40	1	1
29.7981688976	ICMP	635	635	1	1
6.76513290405	UDP	502	530	1	1
6.50851416588	ICMP	671	671	1	1
7.07298898697	TCP	315	40	1	1
4.67172217369	TCP	894	40	1	1
11.175224781	TCP	776	40	1	1
5.38610196114	TCP	473	40	1	2
4.91718888283	UDP	245	273	1	2
13.2260968685	UDP	582	576	1	1
1.32791686058	ICMP	168	168	2	2
22.8126461506	ICMP	347	347	1	1
11.3431921005	TCP	681	40	1	1
6.37368202209	TCP	81	40	1	1
6.75236487389	TCP	682	40	1	1
15.355027914	TCP	1284	40	1	1
6.52060604095	UDP	465	493	1	2
9.45204782486	ICMP	347	347	1	1
6.62922787666	TCP	120	40	1	1
1.25122308731	ICMP	116	116	2	2
6.39970684052	UDP	1021	576	1	1
27.8228240013	ICMP	407	407	1	1
8.48942303658	ICMP	146	146	1	1
8.18708705902	TCP	176	40	1	1
9.85291290283	TCP	1329	40	1	1
5.8996758461	ICMP	439	439	1	1
3.14514112473	ICMP	171	171	1	1
10.3805041313	TCP	935	40	1	1
16.7525949478	UDP	388	416	1	1
3.27068996429	TCP	974	40	1	1
8.013422966	TCP	916	40	1	1
2.1581799984	ICMP	309	309	1	1
5.93750309944	TCP	687	40	1	1
2.77948284149	UDP	773	576	1	1
4.73979091644	TCP	301	40	1	2
9.19257187843	UDP	587	576	1	1
9.41841387749	TCP	610	40	1	1
5.24555492401	TCP	675	40	1	2
8.04622507095	ICMP	212	212	1	1
3.80579185486	ICMP	30	30	1	1
4.43338394165	UDP	818	576	1	2
5.10312318802	TCP	541	40	1	1
5.43521213531	TCP	1025	40	1	1
6.47002792358	UDP	850	576	1	1
7.16387915611	TCP	633	40	1	1
5.57598519325	UDP	701	576	1	1
6.58666396141	TCP	1073	40	1	1
7.71512818336	TCP	494	40	1	1
15.7164740562	UDP	991	576	1	1
8.66899681091	TCP	202	40	1	1
7.59881997108	TCP	1266	40	1	1
6.85979485512	ICMP	49	49	1	1
2.90567708015	TCP	452	40	1	1
7.57273817062	TCP	106	40	1	1
7.05880904198	ICMP	89	89	1	1
8.39523792267	ICMP	540	540	1	1
4.44104981422	TCP	1245	40	1	1
2.3604259491	ICMP	271	271	1	2
7.9052939415	ICMP	415	415	1	1
4.1269671917	TCP	649	40	1	1
10.3486180305	TCP	649	40	1	1
3.81539702415	TCP	1127	40	1	1
21.452491045	UDP	239	267	1	1
12.9760079384	ICMP	626	626	1	1
4.04139995575	TCP	452	40	1	1
12.2554790974	ICMP	52	52	1	1
9.11301279068	ICMP	188	188	1	1
4.01042699814	UDP	77	105	1	1
3.99332404137	TCP	806	40	1	1
15.7624771595	UDP	726	576	1	1
10.5757958889	TCP	558	40	1	1
5.23127698898	UDP	977	576	1	1
3.25046110153	UDP	142	170	1	1
17.4098639488	TCP	1240	40	1	1
12.5901329517	ICMP	586	586	1	1
8.35956406593	TCP	1000	40	1	1
6.6671769619	TCP	629	40	1	1
26.402545929	TCP	830	40	1	1
9.03428006172	ICMP	51	51	1	1
5.35936784744	ICMP	351	351	1	2
2.99750804901	UDP	303	331	1	1
24.5155928135	TCP	960	40	1	1
13.1033380032	TCP	168	40	1	1
3.75389194489	ICMP	649	649	1	1
1.8391430378	TCP	715	40	2	2
9.98426914215	UDP	353	381	1	1
9.84104919434	TCP	450	40	1	1
12.9898900986	UDP	384	412	1	1
14.7936229706	TCP	1321	40	1	1
5.82761001587	TCP	427	40	1	3
7.80383706093	TCP	220	40	1	1
17.7717139721	ICMP	573	573	1	1
8.54883694649	TCP	1108	40	1	1
4.08613705635	ICMP	82	82	1	1
7.56007599831	ICMP	526	526	1	1
1.70260596275	TCP	996	40	2	2
7.51397490501	TCP	1145	40	1	1
4.5856320858	TCP	913	40	1	1
6.21044015884	ICMP	30	30	1	1
2.41764497757	TCP	800	40	1	1
11.8610510826	TCP	862	40	1	1
7.97014498711	UDP	281	309	1	2
15.2690119743	TCP	1059	40	1	1
0.68878698349	TCP	610	40	2	2
5.87656807899	ICMP	190	190	1	2
8.2584707737	TCP	1071	40	1	1
3.0550429821	ICMP	40	40	1	1
3.39243793488	TCP	1117	40	1	1
9.0244820118	TCP	993	40	1	1
6.69277882576	ICMP	58	58	1	1
11.4097809792	TCP	1021	40	1	1
6.86309599876	TCP	558	40	1	1
3.54354286194	TCP	1277	40	1	1
6.54962801933	UDP	1021	576	1	1
7.72585821152	UDP	911	576	1	1
4.92381811142	ICMP	117	117	1	1
4.33620905876	ICMP	635	635	1	1
24.8888299465	TCP	192	40	1	2
22.4368910789	TCP	1164	40	1	1
3.94448781013	UDP	341	369	1	1
4.81133198738	UDP	587	576	1	1
24.2840521336	TCP	750	40	1	1
7.35028910637	TCP	1087	40	1	1
7.70802593231	ICMP	541	541	1	1
7.14313197136	ICMP	185	185	1	1
7.14411711693	ICMP	723	723	1	1
4.62648296356	ICMP	230	230	1	1
9.40577912331	UDP	349	377	1	1
19.929710865	TCP	805	40	1	1
24.011259079	ICMP	193	193	1	2
12.540268898	TCP	140	40	1	1
11.213657856	TCP	1140	40	1	2
4.48192977905	UDP	583	576	1	1
19.0219678879	UDP	573	576	1	1
5.84314990044	TCP	897	40	1	2
1.55321502686	ICMP	377	377	2	2
2.68322896957	TCP	1180	40	1	1
3.28504681587	TCP	479	40	1	1
15.7814180851	UDP	287	315	1	1
4.43735599518	TCP	754	40	1	1
3.43561387062	ICMP	584	584	1	1
7.26290202141	TCP	1061	40	1	1
17.9645531178	TCP	731	40	1	1
4.19620680809	TCP	1284	40	1	1
1.37015295029	ICMP	533	533	2	2
5.86965799332	ICMP	177	177	1	1
10.9486620426	UDP	289	317	1	1
12.863409996	ICMP	521	521	1	1
4.45100593567	TCP	1034	40	1	1
8.22978806496	TCP	786	40	1	1
1.9377450943	TCP	932	40	2	2
14.699119091	TCP	960	40	1	1
9.73839306831	TCP	395	40	1	1
10.9235539436	TCP	537	40	1	2
8.85710191727	ICMP	670	670	1	1
7.05564212799	UDP	971	576	1	1
8.10653591156	TCP	485	40	1	1
28.2650549412	ICMP	143	143	1	1
7.64222693443	ICMP	95	95	1	1
8.20244002342	UDP	136	164	1	1
3.88462901115	TCP	1019	40	1	1
3.48755812645	UDP	61	89	1	1
9.59804010391	UDP	72	100	1	1
8.7169508934	UDP	453	481	1	1
3.0901491642	TCP	1212	40	1	1
13.4491429329	UDP	545	573	1	2
2.55760407448	TCP	308	40	1	1
6.78859591484	UDP	189	217	1	1
6.62014198303	TCP	758	40	1	1
1.73395204544	TCP	852	40	2	2
14.8280260563	TCP	182	40	1	1
3.55219888687	TCP	1213	40	1	1
5.86212706566	TCP	512	40	1	2
7.85315489769	TCP	177	40	1	1
12.7897791862	UDP	831	576	1	1
11.0934538841	ICMP	143	143	1	1
3.9469640255	TCP	1249	40	1	1
10.864757061	TCP	609	40	1	1
4.70855212212	ICMP	654	654	1	1
16.9115171432	TCP	674	40	1	2
4.17035317421	ICMP	209	209	1	1
5.8980178833	TCP	466	40	1	1
9.75499892235	TCP	189	40	1	1
6.59030485153	UDP	847	576	1	1
8.40821480751	ICMP	613	613	1	1
5.50523209572	UDP	364	392	1	1
24.5505111217	TCP	208	40	1	1
3.90136098862	ICMP	724	724	1	1
6.0070168972	ICMP	627	627	1	2
3.84932208061	TCP	1227	40	1	1
4.20374202728	TCP	583	40	1	1
9.19073295593	TCP	940	40	1	1
8.7922501564	UDP	649	576	1	1
3.80931282043	TCP	601	40	1	2
8.2188000679	TCP	368	40	1	1
4.59323596954	UDP	925	576	1	1
5.3849568367	ICMP	78	78	1	1
4.81452798843	ICMP	693	693	1	1
4.01388096809	ICMP	447	447	1	1
19.5790469646	UDP	443	471	1	1
2.9636759758	UDP	742	576	1	1
18.9981229305	ICMP	173	173	1	1
3.54432201385	TCP	834	40	1	1
24.4301540852	TCP	104	40	1	1
24.4965529442	UDP	584	576	1	3
3.53911709785	TCP	1042	40	1	1
9.88206887245	ICMP	222	222	1	1
20.9813640118	ICMP	690	690	1	1
12.2184200287	ICMP	616	616	1	1
4.92974996567	UDP	934	576	1	1
9.06424403191	ICMP	130	130	1	1
4.95087695122	ICMP	498	498	1	1
9.03464412689	TCP	470	40	1	1
4.22285795212	TCP	60	40	1	1
13.0085780621	ICMP	185	185	1	1
4.06571698189	TCP	544	40	1	1
6.49772906303	ICMP	48	48	1	1
4.55138206482	TCP	1145	40	1	2
2.70077395439	UDP	981	576	1	1
12.2672388554	TCP	40	40	1	1
13.0946211815	UDP	544	572	1	1
6.90230202675	TCP	50	40	1	1
7.21954393387	UDP	956	576	1	1
3.14511299133	TCP	281	40	1	1
3.61940193176	TCP	1083	40	1	1
4.78514099121	ICMP	34	34	1	1
21.4276840687	TCP	249	40	1	1
2.90053105354	TCP	909	40	1	1
18.4337899685	ICMP	210	210	1	1
5.13148808479	TCP	1019	40	1	2
6.6559112072	UDP	34	62	1	1
3.37634587288	TCP	1126	40	1	1
13.6213378906	TCP	615	40	1	1
5.33042192459	ICMP	340	340	1	1
10.6658899784	TCP	1089	40	1	1
4.05317497253	ICMP	682	682	1	1
8.23603916168	ICMP	439	439	1	1
19.7497830391	ICMP	559	559	1	1
4.72520303726	TCP	1066	40	1	2
9.72759199142	TCP	659	40	1	1
3.16966414452	TCP	1186	40	1	1
2.85682320595	UDP	478	506	1	1
6.78225708008	UDP	37	65	1	1
5.15081381798	ICMP	190	190	1	1
12.140515089	UDP	297	325	1	1
0.662487983704	ICMP	432	432	2	2
11.2114229202	UDP	974	576	1	1
2.66547107697	TCP	395	40	1	1
26.1993341446	ICMP	196	196	1	3
15.1014261246	UDP	931	576	1	1
6.20315504074	TCP	426	40	1	1
18.3666801453	TCP	867	40	1	1
8.97899699211	UDP	812	576	1	1
1.99927210808	TCP	527	40	2	2
5.2190079689	TCP	1006	40	1	1
12.4936919212	TCP	367	40	1	1
2.23607707024	TCP	498	40	1	2
4.67008399963	TCP	893	40	1	1
4.73261189461	ICMP	496	496	1	1
6.0549929142	TCP	1146	40	1	1
24.0223329067	UDP	491	519	1	1
9.35473394394	TCP	625	40	1	1
4.71474504471	ICMP	643	643	1	1
5.76274108887	ICMP	535	535	1	1
2.38633918762	TCP	286	40	1	1
30.166353941	TCP	111	40	1	1
2.04059004784	ICMP	565	565	1	1
4.4165790081	ICMP	575	575	1	1
8.17859697342	ICMP	126	126	1	1
9.89216899872	TCP	509	40	1	1
3.70136809349	ICMP	419	419	1	1
1.73982310295	TCP	1317	40	2	2
10.980659008	ICMP	68	68	1	1
4.92325997353	ICMP	668	668	1	1
4.25113606453	ICMP	220	220	1	1
11.7123758793	ICMP	392	392	1	1
23.3528428078	TCP	998	40	1	1
6.70889401436	ICMP	637	637	1	1
5.291451931	ICMP	247	247	1	1
2.65339207649	ICMP	345	345	1	1
18.3003928661	UDP	274	302	1	1
3.85649490356	TCP	341	40	1	1
3.15227103233	ICMP	360	360	1	1
5.75347805023	UDP	158	186	1	2
11.4947369099	TCP	89	40	1	1
8.61953902245	TCP	889	40	1	1
7.17759084702	ICMP	258	258	1	1
4.91677093506	TCP	558	40	1	1
8.63349914551	TCP	569	40	1	2
14.1867361069	TCP	304	40	1	1
22.6393568516	ICMP	272	272	1	1
15.3693630695	TCP	473	40	1	1
13.2686200142	ICMP	594	594	1	1
23.0957319736	TCP	828	40	1	1
4.84673690796	TCP	686	40	1	1
6.95121908188	UDP	441	469	1	1
20.396600008	TCP	1145	40	1	1
25.2817928791	TCP	1264	40	1	1
11.0846581459	UDP	49	77	1	1
9.1098511219	TCP	279	40	1	1
1.11975097656	ICMP	145	145	2	2
1.80610394478	UDP	181	209	2	2
6.45008707047	UDP	555	576	1	1
9.00926995277	TCP	153	40	1	2
6.05776405334	ICMP	446	446	1	1
15.3226668835	ICMP	352	352	1	1
3.19987988472	ICMP	180	180	1	1
30.3647339344	TCP	451	40	1	1
4.48609209061	ICMP	528	528	1	2
10.0483038425	TCP	87	40	1	1
5.70925712585	ICMP	105	105	1	1
6.5925719738	UDP	386	414	1	2
2.0917339325	ICMP	565	565	1	1
3.59216690063	TCP	1204	40	1	2
18.020004034	UDP	959	576	1	1
28.3280651569	ICMP	630	630	1	1
2.69384407997	UDP	637	576	1	1
4.66616010666	ICMP	133	133	1	1
17.1394000053	UDP	959	576	1	1
5.31700897217	TCP	1049	40	1	1
6.82999610901	ICMP	131	131	1	1
7.70506691933	TCP	378	40	1	1
6.73371815681	UDP	118	146	1	1
11.0770270824	ICMP	312	312	1	2
23.944521904	TCP	891	40	1	1
5.23492193222	TCP	423	40	1	1
4.83760595322	ICMP	704	704	1	2
3.94979310036	TCP	871	40	1	1
4.14552617073	TCP	276	40	1	1
26.0825819969	ICMP	170	170	1	1
5.62297415733	ICMP	418	418	1	1
3.8878800869	TCP	473	40	1	1
4.33603000641	TCP	222	40	1	1
9.79817700386	TCP	293	40	1	1
7.92860507965	UDP	751	576	1	1
2.12507987022	TCP	1257	40	1	1
2.75691890717	TCP	897	40	1	1
2.37218809128	UDP	578	576	1	1
3.83459496498	ICMP	617	617	1	1
13.3726520538	TCP	65	40	1	1
6.92196416855	ICMP	143	143	1	1
5.55716395378	ICMP	491	491	1	2
18.9301419258	TCP	168	40	1	1
6.85975980759	TCP	1288	40	1	1
16.9711399078	TCP	1210	40	1	1
15.8461740017	UDP	387	415	1	1
8.35756421089	TCP	1297	40	1	1
7.60566592216	ICMP	609	609	1	1
9.24790692329	TCP	525	40	1	1
6.90628004074	TCP	1334	40	1	1
4.46219491959	UDP	81	109	1	1
0.681502819061	TCP	756	40	2	2
5.63422703743	ICMP	54	54	1	1
3.49924492836	TCP	422	40	1	1
10.7259278297	TCP	247	40	1	1
3.29840803146	TCP	68	40	1	1
7.98978185654	TCP	729	40	1	1
9.38943314552	ICMP	247	247	1	1
16.2864570618	ICMP	139	139	1	1
4.21671700478	ICMP	245	245	1	1
10.9551680088	TCP	202	40	1	1
2.6654188633	TCP	411	40	1	1
2.77578115463	TCP	300	40	1	1
4.90792322159	TCP	648	40	1	1
5.59971308708	TCP	264	40	1	1
7.24115014076	UDP	620	576	1	1
8.50294423103	TCP	70	40	1	1
20.9272999763	TCP	762	40	1	1
5.95190310478	UDP	237	265	1	1
10.1488008499	TCP	1019	40	1	2
8.94767403603	UDP	160	188	1	1
6.64697098732	TCP	524	40	1	1
11.0717880726	ICMP	183	183	1	1
10.8044409752	ICMP	195	195	1	1
4.56018400192	TCP	441	40	1	1
3.22856020927	UDP	941	576	1	1
1.71208310127	ICMP	341	341	2	2
5.93521380424	TCP	325	40	1	1
8.83377122879	ICMP	603	603	1	2
2.72835707664	ICMP	712	712	1	1
4.69216895103	ICMP	402	402	1	1
7.69487595558	TCP	678	40	1	1
27.0857801437	TCP	726	40	1	1
14.0432019234	UDP	430	458	1	1
10.9776539803	TCP	1202	40	1	1
6.79176306725	TCP	150	40	1	2
7.02222704887	TCP	169	40	1	1
9.73326802254	TCP	1232	40	1	1
16.5318620205	ICMP	727	727	1	1
24.9412100315	TCP	50	40	1	1
4.37481498718	ICMP	136	136	1	1
23.2811450958	TCP	231	40	1	1
8.3265440464	ICMP	342	342	1	1
7.05014801025	TCP	638	40	1	1
20.9158930779	ICMP	357	357	1	1
5.06730604172	UDP	342	370	1	1
4.56740117073	ICMP	605	605	1	1
6.2898080349	TCP	632	40	1	1
6.95493793488	UDP	79	107	1	1
10.7042281628	ICMP	429	429	1	1
2.89482307434	TCP	1116	40	1	1
5.68632984161	ICMP	94	94	1	1
17.0226759911	TCP	965	40	1	1
2.08341479301	ICMP	383	383	1	1
10.4858279228	TCP	632	40	1	1
7.31526899338	UDP	811	576	1	1
4.20761609077	ICMP	560	560	1	2
13.6105539799	UDP	559	576	1	1
7.96550107002	TCP	608	40	1	1
5.22737693787	ICMP	190	190	1	1
7.05947995186	TCP	269	40	1	1
11.1798200607	TCP	1195	40	1	1
6.59795403481	UDP	248	276	1	1
5.39453601837	TCP	361	40	1	1
6.10551404953	UDP	819	576	1	1
19.5756149292	ICMP	399	399	1	1
3.19562005997	UDP	263	291	1	1
7.14437508583	TCP	713	40	1	1
4.95931792259	ICMP	115	115	1	1
2.94786405563	TCP	469	40	1	1
6.98396706581	ICMP	481	481	1	1
3.41482400894	TCP	849	40	1	1
7.43002700806	TCP	256	40	1	2
25.6609621048	TCP	710	40	1	1
9.75013899803	UDP	565	576	1	1
23.0797560215	TCP	520	40	1	1
3.901927948	TCP	821	40	1	2
5.56820607185	UDP	822	576	1	1
3.05527997017	TCP	632	40	1	1
5.24017906189	TCP	1117	40	1	1
14.2961130142	ICMP	550	550	1	1
2.9430539608	UDP	422	450	1	1
8.75934505463	ICMP	537	537	1	1
4.67264294624	TCP	1250	40	1	1
8.77329111099	TCP	708	40	1	1
3.89487719536	TCP	728	40	1	1
4.58662319183	UDP	943	576	1	1
4.26226091385	ICMP	37	37	1	1
3.1461019516	TCP	868	40	1	1
11.3406488895	TCP	154	40	1	1
6.97142505646	TCP	433	40	1	1
6.26595592499	UDP	933	576	1	1
20.1567320824	ICMP	86	86	1	2
16.3896591663	TCP	765	40	1	1
6.78383994102	TCP	445	40	1	1
8.03263282776	ICMP	345	345	1	1
27.7537791729	ICMP	200	200	1	1
7.66086411476	TCP	661	40	1	1
26.1046390533	UDP	973	576	1	1
6.5401468277	UDP	866	576	1	1
3.42950606346	UDP	1001	576	1	1
4.02773308754	UDP	958	576	1	1
3.69319415092	TCP	1132	40	1	2
9.01060700417	ICMP	115	115	1	1
8.34872794151	TCP	399	40	1	1
8.33391404152	TCP	323	40	1	1
6.6802740097	TCP	43	40	1	1
7.45345807076	UDP	714	576	1	1
12.6131548882	ICMP	461	461	1	1
7.35309791565	TCP	306	40	1	1
17.2554528713	ICMP	476	476	1	1
2.65772485733	TCP	655	40	1	1
1.87183403969	TCP	1002	40	2	2
5.75191807747	UDP	966	576	1	1
1.91993308067	TCP	102	40	2	2
4.41471409798	TCP	636	40	1	1
16.051568985	UDP	615	576	1	2
6.17040014267	UDP	131	159	1	2
4.75606608391	UDP	701	576	1	2
10.9056351185	ICMP	160	160	1	1
17.3252739906	UDP	536	564	1	1
8.19916391373	TCP	972	40	1	1
5.46988892555	TCP	1098	40	1	1
5.47386407852	ICMP	225	225	1	1
1.45731806755	TCP	780	40	2	2
7.35083198547	TCP	666	40	1	1
4.84494996071	ICMP	144	144	1	2
6.48074197769	TCP	182	40	1	1
12.0699551105	ICMP	331	331	1	1
6.70280385017	ICMP	392	392	1	1
8.08454489708	TCP	1160	40	1	1
6.01405310631	ICMP	118	118	1	1
7.75280094147	TCP	1282	40	1	1
4.01834392548	ICMP	719	719	1	1
18.3206930161	UDP	130	158	1	2
8.56218290329	TCP	256	40	1	1
3.41118001938	TCP	1140	40	1	1
19.4178979397	ICMP	501	501	1	1
5.96114301682	UDP	267	295	1	1
4.32240009308	TCP	827	40	1	1
5.15762901306	ICMP	545	545	1	1
2.25306391716	UDP	762	576	1	1
5.00146698952	ICMP	366	366	1	1
7.48223185539	UDP	252	280	1	1
6.62930989265	UDP	36	64	1	1
4.95533013344	UDP	889	576	1	1
9.1097548008	ICMP	252	252	1	1
4.70146489143	TCP	909	40	1	1
6.48049283028	TCP	268	40	1	1
4.08612298965	ICMP	692	692	1	1
8.71943283081	ICMP	288	288	1	1
4.19043087959	ICMP	302	302	1	1
3.60125494003	TCP	677	40	1	2
9.48556900024	ICMP	211	211	1	1
5.38185691833	ICMP	199	199	1	1
9.62649106979	TCP	698	40	1	1
7.71472907066	TCP	1296	40	1	1
3.23128008842	ICMP	564	564	1	1
2.57631516457	UDP	734	576	1	1
4.2037730217	UDP	878	576	1	1
10.6467847824	TCP	108	40	1	1
4.27035188675	UDP	527	555	1	1
2.20210003853	ICMP	309	309	1	1
5.46727991104	TCP	1189	40	1	1
3.88143420219	TCP	569	40	1	1
25.5949499607	ICMP	593	593	1	1
3.76069092751	TCP	196	40	1	1
6.23773813248	TCP	810	40	1	1
9.06952595711	TCP	845	40	1	1
3.72225689888	ICMP	498	498	1	1
6.88081789017	TCP	117	40	1	1
5.39543819427	ICMP	73	73	1	1
6.9136660099	ICMP	32	32	1	1
12.4902009964	TCP	43	40	1	1
4.9179520607	ICMP	477	477	1	1
5.01698184013	UDP	714	576	1	1
2.85456109047	ICMP	459	459	1	1
1.96954512596	TCP	401	40	2	3
2.10697007179	ICMP	43	43	1	1
8.01948308945	UDP	429	457	1	1
6.12641716003	UDP	853	576	1	2
4.1103990078	TCP	559	40	1	2
4.86146497726	TCP	783	40	1	1
12.9018771648	TCP	1314	40	1	1
7.87109804153	TCP	903	40	1	1
25.4621059895	TCP	249	40	1	2
6.77083611488	TCP	1074	40	1	1
6.25107598305	TCP	433	40	1	1
7.1085319519	TCP	126	40	1	1
7.55384898186	UDP	75	103	1	1
1.0749130249	ICMP	696	696	2	2
3.65536904335	UDP	142	170	1	1
8.01555299759	ICMP	530	530	1	1
21.3693940639	TCP	62	40	1	1
23.5989880562	TCP	1128	40	1	1
11.3742649555	ICMP	631	631	1	1
3.46693587303	UDP	778	576	1	1
4.04821920395	TCP	822	40	1	1
3.87479519844	TCP	998	40	1	2
10.8787789345	TCP	1261	40	1	1
3.56879901886	TCP	228	40	1	1
2.70008087158	UDP	549	576	1	1
6.25495910645	TCP	69	40	1	1
9.56793093681	ICMP	543	543	1	1
9.56446385384	TCP	311	40	1	1
11.206152916	TCP	1257	40	1	1
19.9999408722	UDP	831	576	1	1
15.7211918831	TCP	812	40	1	1
4.89324903488	TCP	938	40	1	1
3.66021299362	ICMP	532	532	1	1
7.0096077919	UDP	301	329	1	1
4.93128991127	ICMP	519	519	1	1
4.46924495697	ICMP	690	690	1	1
12.1712341309	UDP	689	576	1	1
8.44460821152	TCP	439	40	1	1
7.87965989113	ICMP	556	556	1	1
6.93393611908	UDP	439	467	1	1
10.6426961422	TCP	1206	40	1	1
18.5253458023	TCP	252	40	1	2
8.92865014076	TCP	608	40	1	1
4.60187983513	TCP	380	40	1	1
8.1098279953	UDP	936	576	1	1
5.78134393692	TCP	644	40	1	1
5.71078586578	TCP	571	40	1	1
8.18113088608	TCP	228	40	1	1
8.74311900139	UDP	447	475	1	1
3.66551709175	ICMP	495	495	1	1
6.56454396248	UDP	76	104	1	1
5.63324213028	TCP	499	40	1	1
13.6909039021	ICMP	66	66	1	1
2.78055691719	UDP	237	265	1	1
1.93090605736	TCP	346	40	2	2
10.3477900028	TCP	1274	40	1	1
5.0175909996	TCP	949	40	1	1
16.2143809795	ICMP	445	445	1	1
4.50371003151	ICMP	143	143	1	1
4.53028678894	TCP	344	40	1	1
0.751775026321	UDP	925	576	2	2
19.2120621204	UDP	462	490	1	1
5.66026902199	UDP	229	257	1	2
11.6806550026	TCP	365	40	1	1
2.23818397522	UDP	327	355	1	1
16.7254898548	TCP	753	40	1	1
15.0283551216	TCP	593	40	1	1
25.2630629539	ICMP	66	66	1	1
3.25063204765	UDP	872	576	1	1
20.4517810345	UDP	778	576	1	1
1.34341812134	ICMP	142	142	2	2
1.36735105515	TCP	1291	40	2	2
4.38386917114	ICMP	637	637	1	2
12.2625889778	TCP	262	40	1	1
12.3304679394	TCP	996	40	1	1
2.2997879982	TCP	192	40	1	1
11.5825669765	TCP	813	40	1	1
21.6018331051	UDP	468	496	1	1
5.18712592125	ICMP	270	270	1	2
3.89293313026	UDP	963	576	1	1
2.65614295006	TCP	402	40	1	1
4.13939809799	TCP	201	40	1	1
14.8715150356	ICMP	35	35	1	1
24.8744711876	ICMP	310	310	1	1
3.72085905075	TCP	183	40	1	1
6.51994395256	TCP	244	40	1	1
4.59576892853	TCP	1260	40	1	1
5.80561900139	ICMP	65	65	1	1
4.61829686165	TCP	995	40	1	1
14.4798989296	TCP	380	40	1	1
1.69070792198	UDP	338	366	2	2
21.8170619011	UDP	175	203	1	1
8.79523706436	TCP	418	40	1	1
6.79181194305	TCP	982	40	1	1
22.5617890358	TCP	748	40	1	1
22.3471300602	ICMP	289	289	1	1
8.78647518158	TCP	62	40	1	1
2.9931678772	TCP	164	40	1	1
4.96551585197	ICMP	486	486	1	2
1.81942391396	ICMP	76	76	2	2
4.37915992737	TCP	774	40	1	1
6.56575798988	TCP	378	40	1	1
9.86243200302	TCP	1175	40	1	1
5.4495549202	UDP	247	275	1	1
4.28131580353	TCP	477	40	1	1
6.66376614571	TCP	191	40	1	1
20.4723238945	ICMP	533	533	1	1
9.35293698311	TCP	1282	40	1	1
14.7529509068	UDP	36	64	1	1
10.8326911926	ICMP	371	371	1	1
7.37081980705	ICMP	312	312	1	2
0.881058931351	UDP	283	311	2	2
5.04351091385	TCP	326	40	1	1
7.89577007294	UDP	217	245	1	1
3.85204815865	TCP	1284	40	1	1
4.38266801834	ICMP	50	50	1	1
13.6129808426	ICMP	516	516	1	1
3.84289598465	TCP	517	40	1	1
7.49230694771	ICMP	43	43	1	1
4.70905804634	TCP	903	40	1	1
5.52990102768	ICMP	437	437	1	1
4.90281105042	TCP	871	40	1	1
9.99194407463	TCP	483	40	1	1
13.1200299263	ICMP	401	401	1	1
15.1805171967	TCP	1094	40	1	1
5.55967497826	TCP	401	40	1	1
17.0690767765	TCP	1083	40	1	1
2.77830910683	ICMP	171	171	1	1
6.35395812988	TCP	1177	40	1	1
3.08773303032	UDP	888	576	1	1
15.573153019	UDP	586	576	1	1
9.97128486633	ICMP	235	235	1	1
19.6411950588	ICMP	151	151	1	1
17.6548769474	TCP	655	40	1	1
4.35478186607	UDP	1003	576	1	1
5.85672283173	ICMP	119	119	1	1
2.06947994232	TCP	1190	40	1	1
7.31097602844	ICMP	437	437	1	1
7.8328909874	TCP	844	40	1	1
9.50791883469	ICMP	711	711	1	1
19.369396925	TCP	541	40	1	2
1.8941488266	TCP	281	40	2	2
18.7172789574	TCP	1257	40	1	1
1.39076900482	TCP	1195	40	2	2
9.60007977486	TCP	54	40	1	1
3.65383791924	TCP	611	40	1	1
5.75998806953	TCP	580	40	1	1
6.06931400299	TCP	118	40	1	1
5.96975207329	ICMP	333	333	1	1
27.2528219223	TCP	1310	40	1	1
2.91759896278	ICMP	62	62	1	1
4.62516498566	ICMP	48	48	1	1
9.07021808624	TCP	768	40	1	1
1.9390809536	TCP	1180	40	2	2
11.2365131378	UDP	91	119	1	1
4.83326601982	ICMP	560	560	1	1
6.56510186195	TCP	1237	40	1	1
4.04593586922	UDP	373	401	1	1
5.05958008766	ICMP	676	676	1	1
2.93769907951	TCP	140	40	1	1
19.8576250076	ICMP	350	350	1	1
3.39723801613	TCP	743	40	1	1
11.4045360088	TCP	1177	40	1	1
4.73543286324	TCP	138	40	1	1
9.16125607491	TCP	480	40	1	1
16.7203350067	ICMP	56	56	1	1
3.44699406624	TCP	266	40	1	1
4.4129421711	TCP	381	40	1	1
3.11878013611	ICMP	684	684	1	1
1.47327709198	TCP	862	40	2	2
4.41285920143	TCP	1125	40	1	1
3.37063598633	TCP	995	40	1	1
5.81009292603	ICMP	290	290	1	1
7.87415909767	ICMP	75	75	1	1
20.2905859947	TCP	741	40	1	1
4.45213007927	TCP	1040	40	1	1
20.7859311104	ICMP	229	229	1	1
11.7989861965	ICMP	352	352	1	1
9.39576482773	ICMP	228	228	1	2
4.23464894295	UDP	207	235	1	1
17.2933728695	TCP	854	40	1	1
2.58683800697	TCP	783	40	1	1
18.8713798523	TCP	261	40	1	1
3.78944897652	UDP	838	576	1	1
5.29227280617	TCP	620	40	1	1
1.79883885384	TCP	620	40	2	2
6.20020318031	UDP	273	301	1	1
4.3287730217	TCP	648	40	1	1
4.46535396576	ICMP	516	516	1	1
3.01823711395	UDP	428	456	1	1
6.55276107788	UDP	504	532	1	1
10.1184089184	ICMP	648	648	1	1
4.53222489357	UDP	383	411	1	1
5.27013707161	ICMP	319	319	1	1
9.54757094383	ICMP	326	326	1	1
4.67401194572	ICMP	153	153	1	1
1.48066711426	ICMP	408	408	2	2
9.48250412941	ICMP	302	302	1	2
5.46559286118	UDP	746	576	1	1
5.20504212379	ICMP	437	437	1	1
6.56453800201	UDP	1000	576	1	1
15.8456680775	UDP	765	576	1	1
3.03030395508	TCP	1097	40	1	1
8.50443720818	TCP	577	40	1	2
6.0472369194	TCP	357	40	1	1
8.14447689056	ICMP	508	508	1	1
11.8977940083	ICMP	150	150	1	1
5.35439515114	UDP	835	576	1	1
4.59049487114	TCP	1210	40	1	1
20.4927449226	ICMP	173	173	1	1
22.6216881275	TCP	346	40	1	1
5.86027884483	TCP	150	40	1	1
7.78824186325	TCP	336	40	1	2
23.0491809845	TCP	773	40	1	1
28.0606470108	TCP	551	40	1	1
3.98531293869	ICMP	460	460	1	1
10.0691449642	UDP	43	71	1	1
4.44189596176	ICMP	259	259	1	1
0.705400943756	TCP	68	40	2	2
9.31170797348	UDP	335	363	1	1
19.6739919186	TCP	220	40	1	1
9.39959001541	TCP	904	40	1	1
7.1691660881	TCP	676	40	1	1
1.75699710846	TCP	1006	40	2	2
6.65282797813	TCP	568	40	1	1
5.20945906639	TCP	1294	40	1	1
1.92621612549	ICMP	148	148	2	2
3.4633500576	TCP	1285	40	1	3
10.852257967	ICMP	610	610	1	1
5.61425113678	TCP	985	40	1	1
12.3496499062	ICMP	357	357	1	1
8.33118987083	ICMP	494	494	1	1
4.02993702888	TCP	922	40	1	1
8.27183222771	UDP	1028	576	1	1
10.152518034	TCP	908	40	1	1
8.10456800461	TCP	1329	40	1	1
3.05277514458	TCP	401	40	1	1
5.84303188324	TCP	266	40	1	1
5.83409905434	ICMP	242	242	1	1
4.22868800163	TCP	750	40	1	2
5.54578208923	ICMP	370	370	1	1
18.1051990986	ICMP	399	399	1	1
3.68623280525	TCP	621	40	1	1
9.59438204765	TCP	928	40	1	1
6.83832287788	UDP	208	236	1	1
17.6806240082	ICMP	270	270	1	1
7.01411294937	TCP	55	40	1	1
1.45629119873	UDP	876	576	2	2
19.0751628876	UDP	515	543	1	1
14.3452270031	ICMP	653	653	1	1
10.8818798065	ICMP	527	527	1	1
4.234115839	ICMP	131	131	1	1
2.19158005714	ICMP	150	150	1	1
7.68202495575	TCP	622	40	1	1
25.2463760376	ICMP	129	129	1	2
25.9324958324	TCP	123	40	1	1
22.1318109035	TCP	871	40	1	1
2.62744307518	TCP	261	40	1	1
1.2248339653	TCP	142	40	2	2
8.25097179413	TCP	1101	40	1	2
6.95986199379	ICMP	600	600	1	1
9.97705388069	ICMP	145	145	1	1
22.5372989178	ICMP	102	102	1	1
5.24223685265	TCP	61	40	1	1
8.94861698151	ICMP	30	30	1	1
5.75189614296	ICMP	514	514	1	1
2.90420389175	TCP	816	40	1	1
12.0515530109	ICMP	494	494	1	1
15.8159930706	ICMP	554	554	1	1
10.3025019169	TCP	1306	40	1	1
9.46442317963	TCP	229	40	1	1
7.22883987427	TCP	1317	40	1	1
4.4093849659	UDP	211	239	1	1
3.82582521439	TCP	1323	40	1	1
22.4903900623	ICMP	678	678	1	1
5.28907299042	TCP	1035	40	1	1
4.02870178223	TCP	1180	40	1	1
3.80434203148	TCP	331	40	1	1
3.23712801933	ICMP	36	36	1	1
4.99318599701	TCP	1120	40	1	1
7.33474612236	UDP	184	212	1	1
8.01357102394	UDP	749	576	1	1
28.127215147	ICMP	243	243	1	1
3.57166576385	TCP	1262	40	1	1
3.92412996292	TCP	473	40	1	1
4.53166508675	TCP	290	40	1	2
5.27023291588	TCP	606	40	1	1
14.5167779922	ICMP	404	404	1	1
0.863826990128	TCP	195	40	2	2
6.42201113701	UDP	250	278	1	1
6.27622008324	TCP	254	40	1	1
8.09872293472	ICMP	496	496	1	1
9.93309688568	TCP	120	40	1	1
9.2719578743	UDP	266	294	1	1
8.508477211	ICMP	193	193	1	1
7.11731004715	TCP	1118	40	1	1
2.81206011772	TCP	497	40	1	1
9.02743411064	TCP	714	40	1	1
6.17203402519	UDP	266	294	1	1
8.78399610519	TCP	188	40	1	1
4.21553587914	TCP	115	40	1	1
4.44005990028	ICMP	253	253	1	1
16.0299890041	ICMP	391	391	1	1
8.30693507195	ICMP	496	496	1	1
6.86722588539	TCP	890	40	1	1
22.5343132019	TCP	1127	40	1	1
19.7974250317	ICMP	125	125	1	1
9.30223894119	UDP	375	403	1	1
13.3513970375	TCP	404	40	1	1
3.44205284119	UDP	401	429	1	1
5.25745797157	UDP	981	576	1	1
3.032102108	ICMP	42	42	1	1
28.7108039856	UDP	631	576	1	1
5.66102409363	TCP	1012	40	1	1
4.93679285049	ICMP	483	483	1	1
5.49841690063	ICMP	155	155	1	1
22.9939799309	ICMP	581	581	1	1
12.1799890995	ICMP	623	623	1	2
10.3513810635	UDP	1007	576	1	1
4.04466104507	TCP	1122	40	1	1
16.0062470436	TCP	817	40	1	2
9.43893003464	UDP	254	282	1	1
2.43939495087	UDP	890	576	1	1
12.2160179615	TCP	842	40	1	1
16.0304479599	TCP	1294	40	1	1
6.90353298187	UDP	182	210	1	1
4.1301112175	TCP	411	40	1	1
20.5444509983	TCP	869	40	1	1
9.64341187477	TCP	1064	40	1	1
21.4285230637	TCP	620	40	1	1
4.55534315109	ICMP	442	442	1	1
3.75749611855	UDP	309	337	1	1
2.25758981705	ICMP	646	646	1	1
12.2945079803	TCP	181	40	1	1
2.62508797646	TCP	1192	40	1	1
6.91963601112	UDP	294	322	1	1
15.9718720913	TCP	223	40	1	1
11.2879490852	ICMP	528	528	1	1
2.96738195419	TCP	916	40	1	1
6.39880895615	TCP	1292	40	1	1
2.20968222618	TCP	583	40	1	1
4.00943589211	TCP	1195	40	1	1
14.5047328472	TCP	769	40	1	1
2.472219944	ICMP	465	465	1	1
2.95969200134	TCP	929	40	1	1
8.14141488075	ICMP	94	94	1	1
4.89662480354	UDP	597	576	1	1
16.4925270081	UDP	313	341	1	2
16.482088089	UDP	594	576	1	1
11.2622778416	TCP	685	40	1	1
6.61585903168	UDP	259	287	1	1
10.186426878	UDP	33	61	1	1
4.68003201485	UDP	683	576	1	1
6.75368404388	TCP	804	40	1	1
16.1211140156	TCP	290	40	1	1
4.64386606216	UDP	523	551	1	1
4.20263385773	UDP	343	371	1	1
16.5527069569	UDP	943	576	1	1
6.83704805374	UDP	516	544	1	1
3.89490580559	TCP	338	40	1	1
1.53522992134	TCP	209	40	2	2
10.6014780998	TCP	1092	40	1	1
4.69304895401	UDP	192	220	1	1
1.11213612556	TCP	1221	40	2	2
6.13060998917	ICMP	502	502	1	1
4.59776496887	ICMP	520	520	1	1
5.81676697731	TCP	1187	40	1	1
22.81473279	ICMP	465	465	1	1
10.9754309654	TCP	43	40	1	1
4.06689381599	UDP	244	272	1	1
4.57500910759	TCP	968	40	1	1
8.39335608482	UDP	396	424	1	1
3.18912196159	TCP	659	40	1	1
10.6559808254	TCP	1079	40	1	1
5.20874905586	ICMP	263	263	1	3
16.2952570915	UDP	739	576	1	1
11.2522289753	TCP	1043	40	1	1
9.20009899139	TCP	459	40	1	1
5.45730686188	TCP	1338	40	1	1
3.38158082962	TCP	385	40	1	1
12.7940461636	UDP	82	110	1	1
6.15722084045	ICMP	434	434	1	2
14.0870468616	ICMP	253	253	1	1
5.73976278305	TCP	284	40	1	1
2.29855799675	ICMP	622	622	1	1
2.63853502274	ICMP	180	180	1	1
1.33525896072	TCP	492	40	2	2
9.97590112686	TCP	627	40	1	1
8.06146812439	TCP	862	40	1	1
2.95748591423	TCP	703	40	1	1
6.94427704811	TCP	763	40	1	1
8.10429906845	UDP	33	61	1	1
25.6593558788	ICMP	574	574	1	1
3.60206484795	TCP	915	40	1	1
7.40093803406	TCP	607	40	1	1
5.2414457798	UDP	344	372	1	1
8.73324394226	UDP	942	576	1	1
8.20021104813	TCP	509	40	1	1
9.32304692268	TCP	1314	40	1	1
5.6264128685	TCP	1203	40	1	1
0.701817989349	ICMP	409	409	2	2
1.84417295456	ICMP	289	289	2	2
1.64801216125	ICMP	481	481	2	2
9.60214591026	ICMP	85	85	1	1
11.3417780399	ICMP	244	244	1	1
9.93445897102	TCP	375	40	1	1
4.12008905411	UDP	338	366	1	1
6.40536808968	TCP	344	40	1	1
2.98661708832	TCP	624	40	1	1
1.52836203575	TCP	1185	40	2	2
19.1895918846	ICMP	441	441	1	2
9.13007283211	UDP	960	576	1	2
11.0003960133	TCP	1067	40	1	1
4.12562608719	TCP	919	40	1	1
10.6908068657	TCP	462	40	1	1
9.80254602432	TCP	769	40	1	1
9.52247595787	UDP	794	576	1	1
4.97811079025	UDP	424	452	1	3
20.5580568314	ICMP	154	154	1	1
3.72229814529	TCP	849	40	1	1
7.2196199894	UDP	514	542	1	1
9.7783370018	TCP	530	40	1	1
24.262419939	UDP	685	576	1	1
11.7731249332	ICMP	643	643	1	1
7.66447901726	ICMP	407	407	1	1
3.82068300247	UDP	65	93	1	1
8.79936504364	ICMP	340	340	1	1
6.56999993324	ICMP	177	177	1	1
0.952538967133	UDP	810	576	2	2
8.32351112366	TCP	207	40	1	1
9.67589211464	TCP	1177	40	1	1
3.5148870945	TCP	1193	40	1	1
6.82976388931	TCP	1092	40	1	2
3.42666602135	UDP	628	576	1	1
20.2236609459	UDP	793	576	1	1
7.10174703598	TCP	1315	40	1	1
7.49313402176	TCP	489	40	1	1
3.03284621239	TCP	990	40	1	2
15.6539978981	UDP	626	576	1	1
6.46029305458	ICMP	432	432	1	1
5.3325650692	ICMP	486	486	1	1
17.0961520672	TCP	1040	40	1	1
5.16068291664	UDP	636	576	1	1
2.69047093391	UDP	96	124	1	1
13.4065630436	TCP	299	40	1	1
6.75047302246	ICMP	388	388	1	1
11.7146470547	TCP	1151	40	1	1
24.1914188862	ICMP	506	506	1	1
0.689409971237	ICMP	46	46	2	2
3.50674796104	TCP	1339	40	1	1
14.8208529949	ICMP	628	628	1	1
19.1294438839	UDP	422	450	1	1
4.82400298119	TCP	1069	40	1	1
6.85216498375	TCP	389	40	1	2
7.20092010498	TCP	760	40	1	1
7.53007292747	TCP	690	40	1	1
7.98529911041	TCP	134	40	1	1
10.8389940262	TCP	707	40	1	1
11.3685760498	ICMP	506	506	1	1
19.0173399448	TCP	1139	40	1	2
13.1369869709	TCP	611	40	1	1
7.99399399757	ICMP	44	44	1	1
11.6844129562	TCP	722	40	1	1
1.79177188873	TCP	887	40	2	2
30.2237269878	ICMP	38	38	1	1
9.87017202377	ICMP	260	260	1	2
5.01059293747	ICMP	488	488	1	1
17.0926189423	TCP	1303	40	1	1
6.49070692062	UDP	517	545	1	1
6.26830005646	ICMP	215	215	1	1
14.3009910583	ICMP	38	38	1	2
4.05861997604	ICMP	645	645	1	1
2.48890399933	TCP	801	40	1	1
17.6148340702	TCP	1123	40	1	2
3.58976006508	ICMP	247	247	1	1
4.09627795219	TCP	936	40	1	1
2.58678889275	UDP	748	576	1	1
5.2166390419	TCP	389	40	1	1
16.160369873	TCP	330	40	1	1
8.16649889946	TCP	144	40	1	1
5.59543013573	TCP	949	40	1	1
8.18145298958	TCP	1248	40	1	1
16.7754769325	UDP	646	576	1	1
21.6053960323	TCP	791	40	1	2
6.00781297684	TCP	594	40	1	1
5.60763502121	TCP	747	40	1	1
17.6445450783	TCP	803	40	1	1
8.47643089294	TCP	352	40	1	1
6.26968598366	TCP	1182	40	1	1
2.2528629303	ICMP	599	599	1	2
3.9300069809	ICMP	432	432	1	1
24.7710309029	TCP	471	40	1	1
4.66250491142	TCP	819	40	1	1
20.5372469425	TCP	175	40	1	1
6.96370911598	UDP	429	457	1	1
6.36617994308	TCP	652	40	1	1
15.1682169437	UDP	866	576	1	1
5.34533500671	TCP	154	40	1	1
3.24078392982	ICMP	485	485	1	1
0.994939088821	TCP	123	40	2	2
16.5233149529	UDP	349	377	1	1
9.08266997337	TCP	1328	40	1	2
7.12147903442	TCP	410	40	1	1
5.22510910034	ICMP	49	49	1	1
7.88268780708	UDP	161	189	1	1
11.4727449417	ICMP	341	341	1	1
4.55483293533	TCP	849	40	1	1
21.4683380127	TCP	129	40	1	2
5.91588592529	TCP	564	40	1	1
10.8337228298	TCP	377	40	1	1
8.14680886269	TCP	1327	40	1	1
5.6338698864	ICMP	528	528	1	1
10.2094419003	UDP	118	146	1	1
5.89354705811	TCP	1322	40	1	1
3.18720912933	ICMP	338	338	1	1
6.82543301582	ICMP	153	153	1	1
7.3314538002	ICMP	503	503	1	1
3.07429480553	TCP	286	40	1	1
2.46970105171	TCP	342	40	1	1
7.62131404877	TCP	344	40	1	1
4.12805104256	TCP	230	40	1	1
6.72532081604	TCP	159	40	1	1
16.552175045	UDP	482	510	1	1
2.8626639843	TCP	1156	40	1	1
6.36764907837	TCP	1005	40	1	1
5.74585819244	TCP	600	40	1	1
6.37389612198	TCP	980	40	1	1
2.49966192245	TCP	1298	40	1	1
5.57960295677	UDP	601	576	1	2
4.14360404015	ICMP	489	489	1	1
5.44841194153	TCP	528	40	1	1
4.5823969841	TCP	245	40	1	1
1.33912801743	ICMP	646	646	2	2
9.15959501266	UDP	424	452	1	2
4.22539281845	ICMP	298	298	1	1
4.07078194618	TCP	906	40	1	2
8.70124292374	UDP	880	576	1	1
3.28657007217	TCP	115	40	1	1
6.90546894073	TCP	522	40	1	1
1.25744891167	TCP	440	40	2	2
3.65272092819	TCP	1303	40	1	1
6.78589582443	TCP	432	40	1	2
4.5675868988	TCP	1049	40	1	1
5.2996108532	TCP	1189	40	1	1
4.3351559639	ICMP	80	80	1	1
9.5399119854	ICMP	339	339	1	1
5.8392059803	UDP	768	576	1	1
17.6844480038	TCP	478	40	1	1
1.42102789879	TCP	838	40	2	2
10.5877511501	ICMP	438	438	1	1
14.247631073	ICMP	621	621	1	1
7.06352806091	TCP	524	40	1	1
2.54484581947	TCP	1133	40	1	1
3.61171579361	ICMP	273	273	1	1
5.27795505524	ICMP	637	637	1	1
3.40456199646	ICMP	436	436	1	1
7.91248703003	ICMP	686	686	1	1
2.69238209724	ICMP	337	337	1	1
4.93852686882	TCP	946	40	1	1
3.0347058773	UDP	219	247	1	1
14.2098329067	TCP	381	40	1	1
5.50838589668	TCP	1188	40	1	1
14.6032099724	TCP	1057	40	1	1
23.6057770252	TCP	738	40	1	1
2.89757084846	TCP	1272	40	1	1
10.4320948124	ICMP	520	520	1	1
5.62956500053	TCP	437	40	1	1
8.22907209396	TCP	660	40	1	1
19.9791779518	UDP	779	576	1	1
6.5645711422	TCP	69	40	1	1
14.001540184	UDP	295	323	1	1
3.87058901787	TCP	712	40	1	1
21.5054149628	TCP	122	40	1	1
12.7393579483	TCP	743	40	1	1
12.2170181274	TCP	1137	40	1	2
12.3991630077	UDP	864	576	1	1
5.03955292702	UDP	779	576	1	1
10.5234308243	ICMP	231	231	1	1
4.22860717773	TCP	868	40	1	1
3.47045612335	TCP	631	40	1	1
6.99350309372	TCP	1131	40	1	1
5.51861596107	ICMP	405	405	1	1
8.09952116013	UDP	991	576	1	1
3.85687494278	ICMP	710	710	1	1
15.5125930309	ICMP	367	367	1	2
21.9396469593	ICMP	538	538	1	1
5.17716383934	TCP	485	40	1	1
4.80968499184	ICMP	323	323	1	1
15.5297670364	TCP	1015	40	1	1
5.51226711273	TCP	379	40	1	1
12.8470170498	TCP	691	40	1	2
5.23660802841	UDP	230	258	1	1
3.27431082726	ICMP	456	456	1	1
14.805052042	ICMP	405	405	1	1
9.71679806709	ICMP	140	140	1	1
12.3308148384	ICMP	438	438	1	1
6.27440786362	ICMP	132	132	1	1
1.82890486717	ICMP	86	86	2	2
3.43889808655	ICMP	403	403	1	1
24.0099442005	ICMP	160	160	1	2
8.42614507675	ICMP	363	363	1	3
4.30857801437	UDP	696	576	1	1
21.9810731411	TCP	1304	40	1	2
8.97123479843	TCP	694	40	1	1
3.96083211899	TCP	534	40	1	1
14.8527469635	TCP	879	40	1	1
23.7685980797	TCP	847	40	1	1
16.9672911167	TCP	96	40	1	1
7.04627013206	TCP	831	40	1	1
3.91500806808	ICMP	79	79	1	1
2.83129501343	TCP	836	40	1	1
2.24970006943	ICMP	462	462	1	1
5.14280700684	TCP	966	40	1	1
4.06993699074	TCP	78	40	1	1
3.09967112541	UDP	533	561	1	1
4.84484910965	ICMP	127	127	1	1
7.10353899002	ICMP	31	31	1	1
4.47603416443	TCP	1120	40	1	1
5.77183198929	ICMP	682	682	1	1
24.6428329945	ICMP	164	164	1	1
5.87906599045	UDP	299	327	1	2
19.0362350941	ICMP	397	397	1	1
6.39423394203	TCP	1270	40	1	1
6.80544996262	TCP	1229	40	1	1
3.7594628334	TCP	919	40	1	1
3.6178381443	TCP	1061	40	1	1
5.50508093834	TCP	440	40	1	1
2.19330191612	UDP	636	576	1	1
13.4169871807	TCP	212	40	1	1
13.4394819736	ICMP	697	697	1	1
1.76989793777	TCP	86	40	2	2
5.8239710331	UDP	142	170	1	2
11.3703420162	TCP	328	40	1	1
1.98303103447	TCP	550	40	2	2
7.82924008369	ICMP	266	266	1	1
10.0986840725	TCP	132	40	1	1
4.42536616325	UDP	423	451	1	1
4.39280700684	TCP	1312	40	1	1
3.52368092537	ICMP	668	668	1	1
2.86898493767	UDP	693	576	1	1
19.9867861271	TCP	850	40	1	1
3.5209748745	TCP	304	40	1	1
9.5355219841	UDP	732	576	1	1
9.06291508675	ICMP	145	145	1	1
14.9051280022	TCP	1115	40	1	2
7.51577591896	TCP	1261	40	1	1
2.53466200829	TCP	680	40	1	1
2.69908285141	ICMP	88	88	1	1
4.50715708733	TCP	618	40	1	1
2.88665008545	TCP	939	40	1	1
21.8446919918	TCP	858	40	1	1
24.5599300861	TCP	429	40	1	1
7.14607095718	TCP	158	40	1	1
8.53454208374	TCP	552	40	1	2
5.71264815331	TCP	493	40	1	1
3.79848003387	TCP	546	40	1	1
2.97918987274	UDP	76	104	1	1
5.42081880569	ICMP	413	413	1	1
24.5887799263	ICMP	491	491	1	1
16.2533900738	UDP	405	433	1	1
10.9151661396	TCP	1320	40	1	1
3.48276114464	TCP	164	40	1	1
8.57735991478	ICMP	516	516	1	1
4.46544981003	ICMP	677	677	1	1
9.16993689537	ICMP	713	713	1	2
12.0238831043	UDP	748	576	1	1
22.045156002	ICMP	676	676	1	1
24.8272130489	ICMP	619	619	1	1
7.72518706322	TCP	910	40	1	1
10.5836310387	ICMP	323	323	1	1
13.7024130821	TCP	391	40	1	1
