5.52011299133	ICMP	401	401	1	1
6.96954011917	TCP	874	40	1	1
1.68136000633	ICMP	317	317	2	2
7.85112190247	ICMP	574	574	1	1
5.80282497406	TCP	879	40	1	1
15.9220921993	ICMP	692	692	1	1
2.54160690308	UDP	942	576	1	1
19.492800951	UDP	273	301	1	1
2.80137586594	TCP	738	40	1	1
3.62065505981	TCP	206	40	1	1
14.2243318558	TCP	79	40	1	1
9.64773607254	UDP	1014	576	1	1
14.0902249813	ICMP	374	374	1	1
17.4719200134	TCP	270	40	1	1
5.53234100342	UDP	495	523	1	1
3.13160300255	TCP	1312	40	1	2
3.43537187576	TCP	959	40	1	1
14.4534649849	TCP	233	40	1	2
3.07993483543	TCP	462	40	1	1
10.1328670979	ICMP	87	87	1	2
1.84164690971	ICMP	124	124	2	2
1.21033406258	ICMP	629	629	2	2
7.83706116676	UDP	444	472	1	1
19.6630880833	TCP	1211	40	1	1
2.85825705528	TCP	778	40	1	1
4.91893410683	TCP	715	40	1	1
5.5324640274	TCP	821	40	1	2
4.44888997078	ICMP	85	85	1	1
6.28836989403	UDP	652	576	1	2
2.65117383003	UDP	323	351	1	1
12.8775098324	TCP	993	40	1	2
32.4324839115	UDP	363	391	1	1
3.86068892479	TCP	191	40	1	2
13.9760239124	TCP	1289	40	1	1
16.1275320053	UDP	563	576	1	1
23.5621910095	TCP	169	40	1	1
29.9757900238	ICMP	610	610	1	2
11.5624730587	TCP	585	40	1	1
5.56047701836	TCP	991	40	1	2
7.1910200119	TCP	369	40	1	1
2.83283305168	TCP	1076	40	1	1
23.4283759594	ICMP	159	159	1	1
0.419771909714	ICMP	457	457	2	2
19.2739200592	ICMP	68	68	1	1
5.78942012787	TCP	1222	40	1	1
4.99500799179	ICMP	721	721	1	1
13.6465799809	TCP	273	40	1	1
6.52063107491	TCP	1031	40	1	1
23.7644309998	ICMP	345	345	1	1
6.66123795509	TCP	115	40	1	1
13.2124669552	TCP	520	40	1	1
24.5601971149	TCP	597	40	1	1
2.24949002266	TCP	981	40	1	1
30.5602169037	UDP	428	456	1	1
7.85444498062	TCP	68	40	1	1
2.71120095253	ICMP	611	611	1	1
2.97074508667	TCP	769	40	1	1
6.57581090927	ICMP	71	71	1	1
30.9708690643	ICMP	510	510	1	1
13.0249800682	TCP	885	40	1	2
6.52973389626	TCP	403	40	1	1
2.61602902412	ICMP	231	231	1	1
4.65894889832	TCP	1045	40	1	1
17.156275034	ICMP	432	432	1	2
9.46516513824	TCP	707	40	1	2
26.5525751114	UDP	790	576	1	2
2.97122788429	ICMP	423	423	1	2
4.72406101227	UDP	83	111	1	1
23.4451570511	UDP	933	576	1	1
7.18273997307	TCP	513	40	1	1
17.6993730068	ICMP	367	367	1	1
4.91650509834	UDP	563	576	1	1
3.87194800377	ICMP	91	91	1	1
7.77017307281	TCP	430	40	1	2
5.12034893036	TCP	1007	40	1	1
15.2255730629	TCP	623	40	1	1
10.8778400421	UDP	1021	576	1	2
16.27095294	ICMP	718	718	1	1
3.12382984161	ICMP	75	75	1	1
19.2826519012	UDP	124	152	1	2
32.8330790997	TCP	181	40	1	1
4.06011080742	UDP	305	333	1	1
5.8238799572	UDP	640	576	1	1
2.09831309319	TCP	221	40	1	1
30.3765969276	TCP	1184	40	1	1
24.760010004	UDP	643	576	1	1
16.4763391018	UDP	662	576	1	1
7.95291614532	UDP	730	576	1	1
6.78301596642	TCP	1148	40	1	1
2.49572205544	UDP	543	571	1	1
11.8792870045	TCP	585	40	1	1
7.63595795631	ICMP	115	115	1	1
13.3390381336	ICMP	263	263	1	1
10.1499550343	ICMP	182	182	1	1
2.9709880352	ICMP	131	131	1	1
0.433751106262	UDP	598	576	2	2
1.72073912621	ICMP	28	28	2	2
23.6899430752	TCP	484	40	1	1
4.07098007202	ICMP	668	668	1	1
20.1708481312	ICMP	467	467	1	1
20.3039729595	TCP	325	40	1	2
3.09506297112	UDP	588	576	1	1
1.89966011047	TCP	320	40	2	2
13.1934010983	ICMP	693	693	1	2
5.15337300301	TCP	106	40	1	1
4.3696269989	TCP	451	40	1	1
17.8984720707	ICMP	202	202	1	1
18.2665438652	ICMP	575	575	1	2
5.35328102112	ICMP	141	141	1	1
2.62653613091	TCP	528	40	1	1
4.57349991798	UDP	279	307	1	1
20.5574679375	TCP	656	40	1	1
2.2664308548	TCP	986	40	1	1
3.33407592773	UDP	893	576	1	1
5.07251620293	ICMP	462	462	1	1
9.76099896431	TCP	900	40	1	1
4.74154496193	TCP	1169	40	1	3
7.84011602402	UDP	305	333	1	1
0.491358995438	ICMP	69	69	2	2
7.59999203682	TCP	1188	40	1	1
2.77366113663	ICMP	67	67	1	2
25.589838028	TCP	425	40	1	1
26.4836759567	TCP	340	40	1	1
4.75190114975	TCP	273	40	1	1
1.55963301659	TCP	340	40	2	2
14.7597448826	TCP	272	40	1	2
3.43312811852	TCP	510	40	1	1
35.447453022	ICMP	186	186	1	1
20.3571949005	UDP	307	335	1	1
4.44560813904	TCP	200	40	1	1
16.0805048943	TCP	213	40	1	1
2.88060903549	ICMP	175	175	1	1
7.283618927	TCP	980	40	1	1
10.0463621616	UDP	459	487	1	1
7.55213093758	ICMP	218	218	1	1
8.05255913734	TCP	330	40	1	2
19.4403209686	ICMP	531	531	1	1
3.05978012085	ICMP	521	521	1	1
18.5516958237	ICMP	704	704	1	1
9.92104697227	ICMP	29	29	1	1
0.974777936935	ICMP	614	614	2	2
3.06398820877	UDP	118	146	1	1
4.80972886086	UDP	630	576	1	1
5.56055402756	TCP	112	40	1	1
2.17376708984	TCP	902	40	1	1
12.9501559734	TCP	1170	40	1	1
16.616230011	TCP	340	40	1	1
2.14904499054	ICMP	585	585	1	1
18.4823639393	TCP	349	40	1	1
12.8896801472	TCP	696	40	1	1
5.0393948555	UDP	371	399	1	1
1.47305798531	UDP	584	576	2	2
9.03931307793	TCP	759	40	1	1
14.6930971146	ICMP	694	694	1	2
13.9621338844	UDP	443	471	1	1
4.27027487755	UDP	581	576	1	1
17.0261929035	ICMP	42	42	1	1
3.9299120903	TCP	1083	40	1	1
7.27153491974	TCP	523	40	1	1
15.6456279755	ICMP	709	709	1	1
12.471342802	UDP	301	329	1	1
24.2259540558	ICMP	431	431	1	1
23.7543091774	ICMP	594	594	1	1
15.2100739479	UDP	896	576	1	1
5.10149812698	TCP	998	40	1	1
2.44825100899	TCP	705	40	1	1
19.9168488979	TCP	968	40	1	1
15.0812571049	UDP	164	192	1	2
8.24882102013	ICMP	514	514	1	1
24.5896310806	TCP	756	40	1	1
32.3731389046	TCP	358	40	1	1
14.3768601418	TCP	1218	40	1	1
15.1395020485	TCP	1208	40	1	1
1.87435412407	TCP	342	40	2	2
2.15020918846	UDP	935	576	1	1
12.3719630241	ICMP	631	631	1	1
3.42376899719	UDP	853	576	1	1
2.56169199944	TCP	398	40	1	1
7.39652585983	TCP	1327	40	1	3
11.2221679688	TCP	511	40	1	1
14.4668998718	TCP	518	40	1	1
3.22854018211	UDP	692	576	1	1
3.5483019352	TCP	1194	40	1	1
6.56697416306	TCP	1047	40	1	1
2.73203110695	ICMP	102	102	1	1
22.7482018471	TCP	215	40	1	1
8.10536003113	ICMP	365	365	1	1
27.1016020775	TCP	1128	40	1	1
3.52735304832	UDP	430	458	1	1
24.3907368183	ICMP	60	60	1	1
12.0154759884	TCP	641	40	1	2
22.7194888592	TCP	350	40	1	1
10.319767952	TCP	236	40	1	1
10.5499629974	TCP	488	40	1	1
2.51117014885	TCP	1331	40	1	1
3.09021997452	ICMP	435	435	1	2
28.8625020981	UDP	207	235	1	1
10.5125579834	TCP	1162	40	1	1
6.27990198135	TCP	596	40	1	1
2.29241418839	UDP	818	576	1	1
1.6015598774	TCP	970	40	2	2
15.6240959167	UDP	965	576	1	1
7.51359009743	TCP	537	40	1	1
10.1656868458	UDP	319	347	1	1
4.892182827	TCP	115	40	1	1
15.1243078709	TCP	617	40	1	1
4.36986899376	TCP	298	40	1	1
6.71870994568	TCP	1230	40	1	1
24.1294898987	ICMP	377	377	1	1
32.4446260929	TCP	875	40	1	1
1.21095585823	TCP	644	40	2	2
2.2781431675	ICMP	197	197	1	1
3.42235302925	TCP	677	40	1	1
8.15214109421	TCP	404	40	1	2
2.59189200401	TCP	1332	40	1	1
3.80128788948	ICMP	533	533	1	1
10.223418951	TCP	145	40	1	1
1.59945583344	ICMP	665	665	2	2
6.07383418083	UDP	282	310	1	1
7.8246679306	ICMP	272	272	1	1
2.98072004318	TCP	416	40	1	2
1.84184813499	TCP	100	40	2	2
31.0810260773	ICMP	467	467	1	1
0.62012386322	UDP	982	576	2	2
10.5390470028	UDP	986	576	1	1
4.1319360733	ICMP	138	138	1	1
7.86910295486	TCP	680	40	1	1
6.12085795403	UDP	656	576	1	1
33.0806419849	TCP	228	40	1	1
9.72353196144	TCP	293	40	1	1
14.3114929199	ICMP	403	403	1	1
3.07353186607	TCP	564	40	1	2
14.8170061111	ICMP	619	619	1	1
7.04156088829	TCP	144	40	1	1
2.26781797409	ICMP	219	219	1	1
10.432874918	TCP	1216	40	1	1
26.7578248978	UDP	408	436	1	1
5.13071608543	ICMP	382	382	1	1
23.5561330318	TCP	867	40	1	1
31.7301950455	TCP	116	40	1	1
12.0910971165	TCP	1193	40	1	1
21.1398980618	TCP	476	40	1	1
15.8387198448	TCP	451	40	1	1
26.432708025	UDP	291	319	1	1
15.5954880714	ICMP	31	31	1	1
4.21493196487	ICMP	495	495	1	1
14.9184269905	TCP	820	40	1	1
20.7153570652	TCP	941	40	1	1
22.4085440636	ICMP	414	414	1	1
6.50625896454	TCP	1268	40	1	1
7.54260611534	TCP	289	40	1	1
7.13126921654	TCP	222	40	1	1
4.80926394463	TCP	426	40	1	1
12.5717070103	TCP	1030	40	1	2
1.27297091484	TCP	1312	40	2	2
7.86577296257	ICMP	341	341	1	1
3.17862701416	ICMP	322	322	1	1
3.50684809685	TCP	738	40	1	1
16.9245929718	ICMP	355	355	1	1
3.26645898819	UDP	139	167	1	1
15.5219328403	ICMP	464	464	1	1
5.00605106354	TCP	124	40	1	1
6.93200302124	TCP	411	40	1	2
22.9704260826	TCP	355	40	1	1
3.67137408257	TCP	424	40	1	1
3.57111001015	TCP	891	40	1	1
3.67681789398	ICMP	140	140	1	1
13.5448927879	UDP	913	576	1	1
15.5232360363	TCP	617	40	1	1
7.57002210617	TCP	1001	40	1	1
35.9582848549	ICMP	447	447	1	1
33.6366329193	TCP	715	40	1	3
1.84651708603	TCP	194	40	2	2
2.19958615303	TCP	576	40	1	2
1.61646413803	UDP	951	576	2	3
20.7353339195	TCP	1236	40	1	2
2.97800087929	ICMP	540	540	1	1
4.38121294975	TCP	395	40	1	1
4.30908989906	ICMP	379	379	1	1
4.77432084084	UDP	1024	576	1	1
24.5845429897	TCP	1226	40	1	1
23.9893162251	UDP	954	576	1	1
15.6823980808	ICMP	376	376	1	1
9.19373202324	TCP	462	40	1	1
4.10293889046	TCP	895	40	1	1
3.8694870472	TCP	1103	40	1	1
21.8893527985	ICMP	710	710	1	2
27.1500768661	ICMP	674	674	1	1
11.9239878654	TCP	550	40	1	1
11.1193199158	TCP	969	40	1	1
3.72305488586	TCP	322	40	1	1
3.08756399155	TCP	1030	40	1	1
16.8825759888	UDP	709	576	1	2
4.24508500099	ICMP	263	263	1	1
22.0783398151	ICMP	298	298	1	1
2.52852296829	TCP	721	40	1	1
9.46752786636	UDP	707	576	1	1
32.7361729145	ICMP	506	506	1	1
3.81995201111	ICMP	568	568	1	1
2.53145718575	UDP	1000	576	1	2
26.2820408344	TCP	1160	40	1	1
28.7972881794	UDP	611	576	1	1
9.17821383476	TCP	1245	40	1	1
20.5098409653	ICMP	436	436	1	2
4.68272709846	TCP	573	40	1	2
1.04965591431	TCP	590	40	2	2
20.4279921055	ICMP	491	491	1	2
7.40361094475	TCP	1060	40	1	1
8.46995592117	ICMP	415	415	1	1
4.46751904488	UDP	530	558	1	1
16.1747260094	ICMP	215	215	1	1
15.9149701595	TCP	1014	40	1	1
1.70957899094	TCP	693	40	2	2
7.53913712502	UDP	797	576	1	1
2.3562400341	TCP	1158	40	1	1
0.726321935654	TCP	887	40	2	2
2.85258889198	TCP	547	40	1	1
10.4218249321	TCP	983	40	1	1
1.39376711845	TCP	862	40	2	2
18.8796420097	TCP	286	40	1	2
5.42748188972	TCP	1096	40	1	2
15.8597011566	TCP	134	40	1	1
20.5586559772	TCP	586	40	1	1
23.6011149883	TCP	214	40	1	1
2.33696317673	TCP	1285	40	1	1
7.17463588715	ICMP	161	161	1	1
31.6080420017	TCP	52	40	1	1
16.1034710407	UDP	887	576	1	1
5.25737690926	TCP	308	40	1	1
3.40581488609	TCP	543	40	1	1
15.2110049725	TCP	305	40	1	1
2.96902108192	TCP	1160	40	1	1
7.99690890312	TCP	796	40	1	1
16.4734899998	ICMP	181	181	1	2
7.89620995522	TCP	1101	40	1	1
3.20895981789	TCP	985	40	1	1
26.4384860992	TCP	1313	40	1	1
12.7567260265	TCP	397	40	1	1
28.1750369072	TCP	1022	40	1	1
11.7735209465	UDP	109	137	1	1
9.6378018856	TCP	52	40	1	1
22.8109819889	ICMP	451	451	1	1
1.68208003044	TCP	369	40	2	2
7.87170290947	TCP	631	40	1	1
6.27432203293	TCP	113	40	1	1
24.4317069054	TCP	153	40	1	1
0.848899126053	TCP	256	40	2	2
22.9628100395	TCP	822	40	1	1
10.7216749191	TCP	159	40	1	1
13.8462429047	UDP	713	576	1	2
1.79187011719	TCP	463	40	2	3
7.49325489998	ICMP	390	390	1	1
15.37855196	ICMP	40	40	1	1
1.87828588486	ICMP	541	541	2	2
20.3284900188	ICMP	527	527	1	1
10.8442261219	ICMP	626	626	1	1
14.7271590233	TCP	1076	40	1	1
22.1127359867	UDP	332	360	1	1
9.56013202667	TCP	458	40	1	1
21.680907011	TCP	862	40	1	1
24.5517168045	ICMP	309	309	1	1
0.433934926987	TCP	134	40	2	2
4.9641931057	TCP	223	40	1	2
22.8355829716	ICMP	521	521	1	1
2.37013816833	TCP	958	40	1	1
3.35987305641	UDP	837	576	1	1
20.6295661926	TCP	647	40	1	1
32.9821050167	UDP	553	576	1	1
1.18778204918	TCP	887	40	2	2
2.55295014381	ICMP	574	574	1	1
2.27609491348	TCP	1219	40	1	1
15.5267241001	TCP	982	40	1	1
15.2509310246	TCP	48	40	1	1
3.20447206497	ICMP	416	416	1	1
2.23010587692	TCP	1001	40	1	1
10.2218160629	UDP	499	527	1	1
4.8904440403	TCP	559	40	1	1
17.4870901108	TCP	661	40	1	1
11.6330630779	UDP	91	119	1	1
6.2165157795	TCP	556	40	1	1
6.68298387527	TCP	202	40	1	2
18.6231999397	ICMP	345	345	1	2
26.7566270828	TCP	452	40	1	1
5.06239008904	ICMP	436	436	1	1
7.74358820915	ICMP	32	32	1	1
5.62837004662	UDP	234	262	1	2
3.65945196152	ICMP	183	183	1	1
4.55189085007	ICMP	314	314	1	1
1.63980412483	TCP	540	40	2	2
6.51547002792	ICMP	215	215	1	1
2.87250113487	TCP	555	40	1	1
20.4134931564	ICMP	290	290	1	1
29.8455488682	ICMP	680	680	1	1
3.0462179184	UDP	711	576	1	1
18.2095718384	ICMP	506	506	1	4
25.7915978432	ICMP	468	468	1	1
13.1875958443	TCP	347	40	1	2
17.2707810402	TCP	592	40	1	1
5.71709609032	TCP	376	40	1	1
14.9826459885	ICMP	86	86	1	1
25.8098371029	TCP	702	40	1	1
25.3152358532	ICMP	426	426	1	1
18.464277029	ICMP	451	451	1	1
20.7063500881	TCP	284	40	1	2
29.4718511105	UDP	419	447	1	1
5.62969398499	TCP	191	40	1	1
15.942620039	ICMP	559	559	1	1
7.99012684822	ICMP	482	482	1	1
7.97466111183	ICMP	222	222	1	1
14.8582248688	ICMP	36	36	1	1
28.6808819771	TCP	251	40	1	1
10.0381650925	TCP	729	40	1	1
4.40544605255	ICMP	45	45	1	1
3.11017489433	TCP	700	40	1	1
23.2277441025	UDP	388	416	1	1
27.3742318153	TCP	76	40	1	1
20.1492199898	ICMP	582	582	1	1
8.07722878456	ICMP	480	480	1	1
0.691907167435	TCP	621	40	2	2
13.5599009991	UDP	1027	576	1	1
20.8998188972	TCP	1016	40	1	1
2.43683290482	UDP	884	576	1	2
9.43116092682	TCP	419	40	1	1
7.6482629776	TCP	532	40	1	1
6.98354005814	ICMP	250	250	1	1
2.58617091179	UDP	34	62	1	1
23.653069973	UDP	836	576	1	1
19.0591859818	TCP	1029	40	1	1
1.00669002533	ICMP	43	43	2	4
20.1011960506	ICMP	531	531	1	1
8.17543196678	UDP	882	576	1	2
20.9026408195	UDP	542	570	1	1
11.3757369518	TCP	223	40	1	1
1.26603102684	TCP	445	40	2	2
26.9294638634	ICMP	89	89	1	1
4.74342393875	TCP	372	40	1	1
6.95167183876	UDP	746	576	1	1
2.14010095596	TCP	103	40	1	2
8.19945192337	TCP	940	40	1	1
13.4524459839	TCP	684	40	1	1
16.3652751446	UDP	260	288	1	1
1.27198290825	TCP	437	40	2	2
1.75397515297	TCP	73	40	2	3
9.48893618584	ICMP	520	520	1	1
16.6133480072	TCP	678	40	1	1
1.94117712975	TCP	118	40	2	2
3.14543104172	TCP	152	40	1	1
4.52054715157	UDP	392	420	1	1
25.1163938046	TCP	1222	40	1	1
2.78912401199	TCP	807	40	1	1
20.5783298016	TCP	308	40	1	1
4.01720309258	UDP	400	428	1	1
9.96399092674	UDP	102	130	1	1
25.2591891289	UDP	578	576	1	1
8.23896408081	UDP	133	161	1	1
23.5491671562	TCP	364	40	1	1
5.07211899757	ICMP	516	516	1	1
18.9906899929	UDP	364	392	1	1
2.93915987015	UDP	273	301	1	1
2.42196989059	ICMP	718	718	1	1
16.0966460705	TCP	61	40	1	1
10.191808939	ICMP	138	138	1	2
2.23414802551	TCP	263	40	1	1
12.7806940079	ICMP	94	94	1	1
14.8699440956	ICMP	633	633	1	1
2.70139288902	TCP	1063	40	1	1
0.770301103592	TCP	707	40	2	2
16.1898980141	UDP	781	576	1	1
5.65361905098	ICMP	256	256	1	1
32.762390852	ICMP	127	127	1	2
23.7449212074	UDP	488	516	1	1
2.66502904892	ICMP	237	237	1	1
9.72129893303	TCP	577	40	1	1
4.08464407921	TCP	1259	40	1	2
11.0539000034	ICMP	599	599	1	1
10.5095560551	ICMP	162	162	1	2
2.78023386002	UDP	284	312	1	1
12.4924750328	TCP	117	40	1	2
3.98894786835	TCP	1218	40	1	1
23.7027850151	TCP	1171	40	1	1
6.45773696899	TCP	643	40	1	1
3.73476004601	TCP	280	40	1	1
2.74460101128	UDP	67	95	1	2
18.1940329075	ICMP	303	303	1	1
27.3068768978	TCP	151	40	1	1
20.5645210743	ICMP	600	600	1	1
18.4383881092	UDP	781	576	1	1
24.1297409534	TCP	457	40	1	1
2.15828895569	UDP	33	61	1	1
4.48953390121	TCP	1021	40	1	1
5.65878415108	TCP	878	40	1	1
3.15166783333	UDP	758	576	1	1
9.82799696922	UDP	551	576	1	1
16.9525718689	ICMP	237	237	1	1
4.00914287567	TCP	819	40	1	1
9.87681412697	ICMP	584	584	1	1
13.6899688244	ICMP	607	607	1	1
4.27157998085	ICMP	300	300	1	1
18.2592639923	ICMP	663	663	1	1
2.34389686584	TCP	675	40	1	1
11.4027221203	ICMP	706	706	1	1
17.1382181644	UDP	755	576	1	1
25.355369091	UDP	663	576	1	1
2.66987800598	UDP	475	503	1	2
24.6196660995	UDP	406	434	1	1
0.403012990952	UDP	305	333	2	2
3.31970191002	ICMP	711	711	1	2
8.512362957	TCP	530	40	1	1
2.80673909187	TCP	683	40	1	1
8.59713697433	ICMP	114	114	1	2
0.720106124878	TCP	366	40	2	2
20.3520269394	TCP	63	40	1	1
7.74696302414	TCP	637	40	1	2
17.5594649315	TCP	839	40	1	1
29.5779459476	TCP	387	40	1	2
24.7308840752	ICMP	221	221	1	1
22.6238839626	TCP	1029	40	1	1
0.405833005905	TCP	288	40	2	2
26.926363945	ICMP	225	225	1	1
24.9662649632	UDP	419	447	1	1
11.2640590668	ICMP	534	534	1	1
4.43911099434	TCP	1021	40	1	1
9.45799303055	UDP	382	410	1	1
3.03015398979	ICMP	624	624	1	1
24.9192509651	TCP	1041	40	1	1
0.792564868927	UDP	698	576	2	5
37.0529220104	TCP	509	40	1	1
13.2603988647	ICMP	409	409	1	1
6.09597301483	TCP	964	40	1	1
14.9212369919	UDP	790	576	1	1
24.5907578468	TCP	161	40	1	1
2.96867084503	TCP	1324	40	1	1
18.0132980347	UDP	215	243	1	2
1.04316997528	UDP	186	214	2	2
4.20683908463	TCP	951	40	1	1
5.01392912865	UDP	651	576	1	1
6.08562397957	TCP	252	40	1	2
20.1499230862	ICMP	614	614	1	1
10.9336490631	UDP	424	452	1	1
20.8300611973	TCP	719	40	1	1
4.81273913383	ICMP	668	668	1	1
25.7956438065	TCP	245	40	1	2
13.5519909859	ICMP	589	589	1	1
10.3856620789	ICMP	319	319	1	1
5.09692907333	TCP	524	40	1	2
3.64671301842	ICMP	553	553	1	1
6.74878406525	TCP	520	40	1	2
14.8982059956	ICMP	201	201	1	1
12.9627981186	TCP	903	40	1	1
26.0371398926	TCP	998	40	1	1
9.48812913895	UDP	330	358	1	1
23.5365760326	TCP	268	40	1	1
10.6516461372	TCP	949	40	1	1
2.09605097771	UDP	263	291	1	2
6.15129494667	UDP	301	329	1	1
4.53534507751	ICMP	363	363	1	1
7.48995900154	TCP	849	40	1	1
19.8477258682	UDP	581	576	1	1
12.2027869225	ICMP	450	450	1	1
7.00140404701	TCP	403	40	1	1
6.22717094421	UDP	409	437	1	1
3.31291604042	TCP	268	40	1	1
4.33762598038	TCP	744	40	1	1
2.95587015152	TCP	861	40	1	1
25.9131410122	UDP	493	521	1	1
7.72695994377	TCP	1050	40	1	1
15.9513609409	TCP	886	40	1	3
3.66975593567	TCP	666	40	1	1
3.25674009323	TCP	166	40	1	1
1.97055697441	TCP	446	40	2	2
1.18377494812	ICMP	76	76	2	2
6.3119161129	TCP	1187	40	1	1
17.487169981	TCP	1090	40	1	1
18.9904491901	TCP	1201	40	1	3
5.51852083206	ICMP	461	461	1	1
13.3445210457	TCP	599	40	1	1
14.5445280075	TCP	405	40	1	1
9.00861406326	TCP	630	40	1	1
0.916183948517	UDP	503	531	2	2
7.30255103111	TCP	664	40	1	1
7.4703578949	ICMP	437	437	1	1
7.82182788849	UDP	962	576	1	1
20.6610760689	ICMP	442	442	1	1
2.75487208366	TCP	625	40	1	1
3.87217402458	UDP	767	576	1	1
30.7768740654	TCP	412	40	1	1
3.47734808922	TCP	191	40	1	2
6.64990496635	TCP	1327	40	1	1
7.92650294304	TCP	1107	40	1	1
3.90244793892	UDP	93	121	1	2
20.02029109	ICMP	417	417	1	1
12.3209409714	ICMP	595	595	1	1
2.56823015213	TCP	197	40	1	1
26.3527209759	UDP	861	576	1	1
14.7724039555	TCP	624	40	1	2
4.90011692047	ICMP	581	581	1	1
7.42540717125	ICMP	497	497	1	1
18.3415930271	TCP	786	40	1	1
20.5905959606	TCP	1202	40	1	1
12.7209880352	UDP	542	570	1	1
14.1446020603	ICMP	57	57	1	2
13.8771879673	TCP	653	40	1	3
2.99543190002	ICMP	364	364	1	2
26.2171640396	TCP	668	40	1	1
24.5275678635	UDP	469	497	1	1
26.5906710625	ICMP	264	264	1	1
0.410989999771	ICMP	601	601	2	2
9.07203197479	TCP	523	40	1	2
5.32136082649	TCP	429	40	1	1
4.89398503304	TCP	649	40	1	1
1.69921112061	TCP	1094	40	2	2
2.87315607071	TCP	1310	40	1	1
4.29053807259	ICMP	628	628	1	1
5.20900607109	UDP	231	259	1	1
1.03934884071	ICMP	499	499	2	2
14.8867640495	ICMP	552	552	1	1
4.19587302208	TCP	647	40	1	1
4.75849509239	TCP	648	40	1	1
0.416120052338	TCP	1325	40	2	2
26.375316143	UDP	93	121	1	1
17.3467628956	TCP	712	40	1	1
14.4409530163	TCP	224	40	1	1
4.13165378571	TCP	228	40	1	1
5.66528105736	ICMP	176	176	1	1
7.76544284821	TCP	375	40	1	1
11.1555128098	TCP	516	40	1	1
18.6014709473	UDP	997	576	1	1
2.82147598267	ICMP	449	449	1	2
5.59108400345	UDP	274	302	1	1
1.73747301102	ICMP	686	686	2	2
5.38031005859	ICMP	361	361	1	1
8.35601186752	TCP	287	40	1	1
18.3161520958	TCP	277	40	1	2
8.06851005554	ICMP	197	197	1	1
17.9096779823	TCP	1107	40	1	1
3.52072095871	TCP	250	40	1	1
4.55401396751	UDP	986	576	1	1
30.5401031971	ICMP	44	44	1	2
3.51322412491	UDP	228	256	1	1
26.9367611408	ICMP	497	497	1	1
13.9894278049	TCP	345	40	1	1
3.16822910309	ICMP	647	647	1	1
3.99693608284	ICMP	494	494	1	1
17.8595387936	ICMP	590	590	1	1
3.00761795044	UDP	57	85	1	1
0.441534996033	TCP	1234	40	2	2
2.76445007324	TCP	165	40	1	1
11.9863471985	ICMP	596	596	1	1
2.79556798935	TCP	455	40	1	2
2.93187403679	TCP	1306	40	1	1
22.6580178738	TCP	185	40	1	2
4.20537686348	ICMP	401	401	1	2
15.2482841015	TCP	714	40	1	1
16.7769260406	TCP	1317	40	1	1
2.96310114861	ICMP	295	295	1	1
5.16986393929	TCP	467	40	1	1
0.932803869247	TCP	680	40	2	2
20.0145149231	UDP	982	576	1	1
33.0902991295	TCP	204	40	1	1
1.57135605812	ICMP	605	605	2	2
13.6802470684	TCP	88	40	1	1
4.32080292702	TCP	914	40	1	1
16.0673968792	ICMP	280	280	1	1
4.17115211487	ICMP	671	671	1	1
17.435008049	ICMP	648	648	1	1
3.44598484039	ICMP	223	223	1	1
7.50126290321	TCP	756	40	1	1
30.2760920525	TCP	715	40	1	1
1.65360307693	UDP	453	481	2	2
3.01474189758	ICMP	197	197	1	2
6.89877891541	UDP	344	372	1	1
21.3203361034	ICMP	172	172	1	1
27.3291780949	TCP	869	40	1	1
21.2659571171	ICMP	532	532	1	1
2.88744807243	TCP	243	40	1	1
28.3984498978	TCP	1293	40	1	1
16.7357091904	TCP	808	40	1	1
7.10868191719	TCP	930	40	1	1
4.16425800323	ICMP	199	199	1	1
20.9098601341	TCP	880	40	1	1
5.64970302582	UDP	323	351	1	2
12.1433598995	TCP	686	40	1	1
3.3252491951	TCP	1259	40	1	1
7.62576603889	TCP	1086	40	1	1
2.89662289619	TCP	123	40	1	1
29.5397298336	TCP	1005	40	1	1
22.9096460342	ICMP	515	515	1	1
14.0380270481	TCP	483	40	1	1
3.56039094925	ICMP	195	195	1	1
7.60141420364	TCP	547	40	1	2
27.5501160622	TCP	355	40	1	1
21.3480801582	TCP	909	40	1	1
16.8155798912	TCP	537	40	1	1
25.6035580635	TCP	43	40	1	1
0.506873130798	TCP	286	40	2	2
3.38977789879	UDP	691	576	1	1
13.3518869877	ICMP	682	682	1	1
27.1722798347	UDP	86	114	1	1
8.50354981422	ICMP	116	116	1	1
5.54651999474	ICMP	658	658	1	1
30.4594979286	UDP	520	548	1	2
22.6638298035	ICMP	655	655	1	1
18.451611042	TCP	840	40	1	1
0.427050113678	ICMP	261	261	2	2
23.925563097	ICMP	223	223	1	1
4.79841995239	TCP	240	40	1	1
5.58088898659	ICMP	502	502	1	1
30.0840549469	UDP	891	576	1	2
12.6815500259	UDP	106	134	1	1
24.510185957	TCP	158	40	1	1
4.77558922768	ICMP	59	59	1	1
18.1193499565	TCP	1245	40	1	1
1.50801491737	TCP	977	40	2	2
0.739478111267	TCP	526	40	2	2
30.0876269341	TCP	1083	40	1	1
9.7697789669	TCP	1029	40	1	1
0.403728961945	TCP	1168	40	2	2
5.03848409653	UDP	925	576	1	2
3.88149213791	TCP	517	40	1	1
20.8002810478	ICMP	410	410	1	2
23.0794169903	TCP	200	40	1	1
22.0895020962	TCP	1087	40	1	1
5.61484718323	UDP	640	576	1	1
2.90193390846	TCP	767	40	1	1
23.1051838398	TCP	1132	40	1	1
3.25875401497	TCP	133	40	1	2
4.31966090202	ICMP	89	89	1	1
3.24048805237	TCP	207	40	1	1
12.5986599922	TCP	572	40	1	1
3.27983903885	UDP	969	576	1	3
18.5480048656	ICMP	122	122	1	2
24.7719540596	UDP	707	576	1	2
0.714601039886	TCP	574	40	2	4
2.77890110016	TCP	1142	40	1	1
23.8345201015	UDP	387	415	1	1
0.850012779236	TCP	1239	40	2	2
3.42084908485	TCP	804	40	1	1
8.21910691261	TCP	171	40	1	1
20.2110409737	TCP	888	40	1	1
2.69388794899	TCP	549	40	1	1
6.63963699341	UDP	838	576	1	1
14.9105648994	TCP	391	40	1	1
26.1486518383	TCP	137	40	1	1
9.53344297409	UDP	321	349	1	2
2.98998689651	ICMP	323	323	1	1
33.7326779366	UDP	285	313	1	1
17.7472960949	TCP	702	40	1	1
15.3371767998	TCP	911	40	1	1
15.829472065	ICMP	401	401	1	1
5.85330581665	TCP	461	40	1	1
7.52034807205	ICMP	267	267	1	2
5.23641705513	ICMP	223	223	1	1
28.2765541077	ICMP	443	443	1	1
2.73121809959	TCP	833	40	1	1
12.2391250134	ICMP	460	460	1	1
1.01805901527	TCP	1180	40	2	4
15.4714841843	ICMP	187	187	1	1
4.00176620483	TCP	1116	40	1	1
2.33096504211	UDP	547	575	1	1
3.45885205269	TCP	42	40	1	1
2.61608695984	TCP	631	40	1	1
21.9099700451	TCP	616	40	1	2
2.24882602692	UDP	98	126	1	1
2.91123986244	ICMP	431	431	1	1
3.93789315224	ICMP	591	591	1	1
17.0363519192	UDP	277	305	1	1
4.24075818062	TCP	95	40	1	1
5.59696984291	UDP	705	576	1	1
14.9355361462	UDP	945	576	1	2
11.3699381351	TCP	608	40	1	1
3.63061499596	UDP	659	576	1	1
29.5363910198	ICMP	675	675	1	1
21.5000441074	ICMP	397	397	1	1
9.1283519268	TCP	1220	40	1	1
19.9457261562	ICMP	368	368	1	2
28.0324759483	TCP	210	40	1	1
28.9526340961	ICMP	653	653	1	1
18.5400249958	UDP	807	576	1	1
3.58400702477	ICMP	519	519	1	1
17.0595591068	TCP	1032	40	1	1
13.9509978294	TCP	49	40	1	1
2.62005615234	TCP	858	40	1	1
3.95115613937	TCP	292	40	1	1
6.04035186768	ICMP	167	167	1	1
5.6758518219	TCP	1008	40	1	1
2.77482199669	UDP	365	393	1	1
1.61491107941	UDP	347	375	2	2
8.89131188393	ICMP	131	131	1	1
4.67586398125	TCP	363	40	1	1
8.44051003456	ICMP	145	145	1	1
22.2380869389	ICMP	379	379	1	1
28.4042658806	TCP	986	40	1	1
2.33661198616	TCP	1269	40	1	1
20.4694070816	TCP	758	40	1	1
13.6104290485	ICMP	306	306	1	1
7.1446158886	TCP	1176	40	1	1
24.821267128	TCP	1162	40	1	1
7.5895550251	ICMP	323	323	1	1
32.9205169678	TCP	820	40	1	1
11.7400860786	TCP	847	40	1	1
24.53429389	TCP	356	40	1	1
30.5188641548	ICMP	482	482	1	1
31.4100060463	TCP	474	40	1	1
5.32931900024	TCP	1171	40	1	1
15.5937800407	ICMP	512	512	1	1
3.95349311829	ICMP	169	169	1	1
8.42197918892	UDP	372	400	1	1
26.9384880066	TCP	780	40	1	1
6.92090797424	TCP	67	40	1	1
7.68989109993	ICMP	725	725	1	1
3.18795394897	ICMP	183	183	1	1
4.04974889755	ICMP	154	154	1	1
2.49932193756	ICMP	45	45	1	1
30.9617209435	TCP	628	40	1	1
17.359333992	TCP	1083	40	1	1
4.07240605354	TCP	321	40	1	2
2.31239700317	UDP	630	576	1	1
13.6337430477	ICMP	700	700	1	1
15.6901168823	TCP	470	40	1	1
10.6111600399	TCP	169	40	1	1
16.6123120785	UDP	865	576	1	2
16.6316719055	UDP	269	297	1	1
2.42215394974	ICMP	179	179	1	1
2.82870197296	UDP	572	576	1	2
8.75412893295	TCP	774	40	1	2
3.68197798729	TCP	804	40	1	2
13.1504509449	ICMP	109	109	1	1
7.00639200211	ICMP	140	140	1	1
20.0702259541	ICMP	552	552	1	1
23.3292090893	ICMP	720	720	1	3
3.48995900154	TCP	986	40	1	1
10.120308876	ICMP	53	53	1	1
15.6234240532	TCP	76	40	1	1
16.4022381306	TCP	407	40	1	1
12.0501720905	TCP	622	40	1	1
4.65015602112	ICMP	457	457	1	1
22.0394940376	TCP	519	40	1	1
2.31492996216	UDP	486	514	1	1
3.8135778904	TCP	847	40	1	1
20.721282959	TCP	1249	40	1	1
13.9899201393	ICMP	129	129	1	1
10.2764770985	TCP	821	40	1	1
21.4958670139	UDP	537	565	1	1
1.582914114	UDP	654	576	2	3
0.858889102936	UDP	585	576	2	2
6.38974690437	TCP	1146	40	1	1
14.7924659252	ICMP	224	224	1	1
2.6896250248	ICMP	515	515	1	2
10.2797570229	ICMP	111	111	1	1
16.813423872	TCP	951	40	1	1
2.56180500984	ICMP	591	591	1	1
4.05273485184	TCP	1208	40	1	1
6.99909186363	ICMP	555	555	1	1
6.24361300468	TCP	561	40	1	1
12.9163968563	TCP	1333	40	1	1
12.7288520336	ICMP	39	39	1	1
8.882335186	UDP	555	576	1	1
11.3438868523	TCP	212	40	1	1
1.03453397751	TCP	903	40	2	2
15.7783060074	TCP	562	40	1	1
2.88453793526	ICMP	159	159	1	1
2.24058103561	ICMP	518	518	1	1
14.9402589798	ICMP	670	670	1	1
6.54880809784	ICMP	600	600	1	1
21.7596070766	ICMP	604	604	1	2
3.19492387772	UDP	184	212	1	1
3.70886087418	TCP	776	40	1	1
19.9372479916	TCP	794	40	1	1
22.5002250671	TCP	781	40	1	2
12.2456390858	ICMP	343	343	1	1
3.45024108887	ICMP	252	252	1	1
15.9499099255	ICMP	487	487	1	2
18.2777709961	UDP	185	213	1	1
7.69057011604	ICMP	277	277	1	1
9.86290693283	ICMP	192	192	1	1
20.9325110912	ICMP	531	531	1	1
14.1538360119	TCP	1068	40	1	1
20.1306931973	TCP	152	40	1	1
18.9737560749	TCP	1144	40	1	1
20.8273701668	TCP	154	40	1	1
11.2837319374	TCP	290	40	1	1
3.8894598484	TCP	1004	40	1	1
27.5144710541	ICMP	207	207	1	1
5.72975587845	ICMP	565	565	1	1
20.1376001835	UDP	973	576	1	1
4.44419884682	TCP	49	40	1	2
30.8809521198	ICMP	308	308	1	1
3.04999017715	TCP	384	40	1	1
3.02949213982	TCP	1174	40	1	1
2.86628198624	TCP	462	40	1	1
16.2897360325	TCP	942	40	1	1
12.9991140366	TCP	848	40	1	1
32.6304810047	TCP	818	40	1	1
24.6294438839	TCP	208	40	1	2
10.7741470337	UDP	726	576	1	2
3.94921302795	UDP	540	568	1	4
3.53590583801	UDP	182	210	1	1
3.98944497108	ICMP	670	670	1	1
2.01763296127	TCP	664	40	1	1
8.41259789467	TCP	496	40	1	1
23.5502121449	ICMP	80	80	1	2
16.3893558979	UDP	338	366	1	1
19.0632550716	TCP	102	40	1	1
4.22416114807	TCP	492	40	1	1
32.3800110817	TCP	324	40	1	1
2.99671292305	ICMP	610	610	1	1
3.38386297226	TCP	159	40	1	2
25.432434082	UDP	607	576	1	2
27.253038168	ICMP	129	129	1	2
2.71753907204	UDP	526	554	1	1
1.75461196899	TCP	998	40	2	2
13.6521790028	UDP	99	127	1	1
24.5903949738	UDP	467	495	1	1
26.4373829365	UDP	191	219	1	2
10.5796699524	TCP	1035	40	1	2
30.8695149422	TCP	1175	40	1	2
6.9992711544	TCP	1202	40	1	2
1.96567296982	UDP	89	117	2	3
18.9714848995	UDP	826	576	1	1
27.0001561642	TCP	1153	40	1	2
18.1402020454	TCP	144	40	1	2
1.09088587761	TCP	796	40	2	2
15.4375600815	TCP	618	40	1	2
9.67039418221	UDP	766	576	1	1
26.9186739922	TCP	409	40	1	1
21.6793739796	TCP	1240	40	1	1
1.29436707497	TCP	294	40	2	2
3.19004607201	TCP	621	40	1	1
10.9932038784	UDP	564	576	1	1
17.1682498455	TCP	1181	40	1	1
15.1621670723	ICMP	608	608	1	1
1.96989297867	TCP	593	40	2	2
3.32834291458	UDP	367	395	1	1
8.25046992302	ICMP	560	560	1	1
2.7586479187	UDP	518	546	1	3
15.2641329765	ICMP	565	565	1	2
24.4643640518	TCP	1232	40	1	1
16.7553761005	TCP	899	40	1	1
18.8641500473	TCP	474	40	1	1
2.32382106781	ICMP	689	689	1	2
7.55466413498	TCP	718	40	1	1
1.93117690086	UDP	126	154	2	2
6.90575003624	TCP	83	40	1	1
10.5930018425	TCP	112	40	1	2
4.19629406929	UDP	969	576	1	1
17.780356884	UDP	408	436	1	2
8.76797795296	TCP	449	40	1	3
23.4430630207	UDP	984	576	1	1
13.2474207878	TCP	225	40	1	1
20.1392490864	ICMP	289	289	1	1
7.520403862	UDP	872	576	1	1
18.8707888126	ICMP	684	684	1	2
4.48822903633	ICMP	328	328	1	1
3.0306699276	UDP	172	200	1	1
12.0172669888	TCP	90	40	1	1
2.669246912	UDP	565	576	1	1
8.50537705421	TCP	997	40	1	1
0.59798002243	UDP	830	576	2	2
4.77835607529	TCP	1216	40	1	1
16.6220929623	TCP	705	40	1	2
12.4802520275	TCP	395	40	1	1
18.1300098896	ICMP	339	339	1	1
1.83868718147	TCP	750	40	2	2
3.18700790405	TCP	821	40	1	2
30.6650400162	TCP	302	40	1	1
6.56363177299	TCP	1307	40	1	2
20.3625690937	UDP	136	164	1	2
16.8290598392	UDP	856	576	1	2
32.8629479408	TCP	1090	40	1	1
15.7803871632	UDP	844	576	1	1
4.08448195457	ICMP	68	68	1	1
18.2520179749	TCP	421	40	1	1
13.4481050968	ICMP	688	688	1	1
3.42999982834	ICMP	140	140	1	1
12.123003006	ICMP	437	437	1	1
2.91012620926	ICMP	690	690	1	1
25.7407839298	TCP	858	40	1	1
3.48117017746	ICMP	160	160	1	1
3.76392197609	UDP	145	173	1	1
12.4092650414	ICMP	556	556	1	1
1.04147601128	UDP	685	576	2	2
9.2101521492	TCP	868	40	1	2
13.4502308369	UDP	421	449	1	1
4.72018504143	TCP	1213	40	1	1
7.72441196442	ICMP	475	475	1	1
21.8652510643	ICMP	140	140	1	1
20.6997990608	TCP	299	40	1	1
3.2047150135	UDP	621	576	1	2
22.4202017784	ICMP	168	168	1	2
0.861175060272	TCP	491	40	2	2
26.9378569126	TCP	702	40	1	1
2.29447603226	UDP	1002	576	1	2
2.12559103966	ICMP	278	278	1	1
15.6102428436	ICMP	513	513	1	1
8.4254488945	TCP	742	40	1	2
1.93032979965	TCP	970	40	2	2
5.79064893723	TCP	504	40	1	2
12.6478831768	UDP	74	102	1	1
2.79049491882	TCP	745	40	1	1
18.8539409637	TCP	1034	40	1	1
4.88733100891	ICMP	607	607	1	1
3.72658991814	TCP	76	40	1	1
4.35845184326	ICMP	426	426	1	2
4.34261894226	TCP	859	40	1	1
8.7578599453	TCP	1202	40	1	1
1.29707717896	TCP	141	40	2	2
15.9697408676	ICMP	104	104	1	1
8.5575978756	TCP	121	40	1	2
2.64271402359	UDP	1003	576	1	1
1.63492703438	ICMP	728	728	2	2
3.45398712158	TCP	408	40	1	1
26.9876801968	TCP	1309	40	1	1
5.39000892639	ICMP	503	503	1	1
11.9082229137	TCP	443	40	1	1
24.917345047	TCP	917	40	1	1
14.7602980137	ICMP	591	591	1	1
5.20790410042	TCP	978	40	1	1
0.871692895889	ICMP	287	287	2	2
25.5578811169	ICMP	285	285	1	1
15.2720489502	TCP	783	40	1	1
9.3144929409	TCP	640	40	1	1
6.53369212151	TCP	794	40	1	1
20.1518628597	TCP	144	40	1	1
8.30938792229	ICMP	576	576	1	1
10.1908700466	TCP	1172	40	1	2
25.6508228779	UDP	830	576	1	1
11.6537330151	TCP	946	40	1	1
9.13066697121	TCP	1303	40	1	1
12.3389320374	TCP	1114	40	1	1
4.03882408142	TCP	424	40	1	1
2.26901602745	TCP	1201	40	1	1
9.50047707558	UDP	701	576	1	1
3.80254817009	TCP	868	40	1	1
21.106359005	TCP	863	40	1	1
15.9371509552	ICMP	429	429	1	2
18.1221380234	ICMP	130	130	1	1
15.249974966	ICMP	169	169	1	1
15.5237801075	TCP	374	40	1	2
24.850867033	TCP	317	40	1	1
21.8791761398	ICMP	554	554	1	1
7.54217290878	UDP	663	576	1	1
5.76717495918	TCP	314	40	1	2
2.81471800804	TCP	1254	40	1	1
10.4432170391	TCP	987	40	1	1
4.35170698166	TCP	571	40	1	1
14.1306521893	TCP	1222	40	1	1
12.2705850601	UDP	373	401	1	1
2.46934890747	ICMP	281	281	1	1
4.41029596329	ICMP	486	486	1	1
2.48938012123	TCP	263	40	1	1
0.406082868576	TCP	1298	40	2	2
2.0917339325	ICMP	243	243	1	1
27.1700680256	ICMP	456	456	1	1
7.66170620918	ICMP	385	385	1	1
0.877856969833	UDP	586	576	2	2
5.80896401405	TCP	1329	40	1	2
14.259043932	TCP	124	40	1	1
3.39979100227	TCP	339	40	1	1
0.740177869797	UDP	328	356	2	2
26.6604001522	TCP	1047	40	1	1
30.6298789978	UDP	934	576	1	1
4.68789887428	ICMP	644	644	1	1
18.1992909908	TCP	783	40	1	1
9.48007106781	ICMP	580	580	1	2
3.6039891243	ICMP	470	470	1	1
4.20999598503	ICMP	333	333	1	1
6.755245924	ICMP	182	182	1	1
22.0290460587	ICMP	597	597	1	1
30.2954239845	TCP	494	40	1	1
3.28634500504	ICMP	643	643	1	1
18.5746240616	ICMP	724	724	1	1
2.89741301537	TCP	206	40	1	1
7.64408993721	TCP	1266	40	1	1
3.25104594231	ICMP	452	452	1	1
26.8500509262	UDP	354	382	1	1
18.4589920044	UDP	425	453	1	1
18.6560919285	TCP	491	40	1	3
25.5814180374	TCP	184	40	1	1
6.85129618645	ICMP	716	716	1	2
6.86397099495	TCP	929	40	1	1
2.65995407104	TCP	836	40	1	1
14.9040839672	TCP	792	40	1	1
0.426590919495	TCP	834	40	2	2
13.52085495	TCP	888	40	1	1
17.0142929554	TCP	457	40	1	1
2.46327996254	ICMP	224	224	1	1
5.29607701302	ICMP	313	313	1	1
12.1892249584	UDP	479	507	1	1
7.53311014175	TCP	497	40	1	1
6.049710989	UDP	496	524	1	1
9.73459911346	ICMP	220	220	1	1
8.74862217903	TCP	309	40	1	2
1.3991060257	ICMP	500	500	2	2
7.11295318604	ICMP	411	411	1	1
4.24148201942	TCP	1072	40	1	1
12.2361090183	ICMP	85	85	1	1
16.928632021	UDP	374	402	1	1
8.47560405731	ICMP	401	401	1	1
23.9857339859	TCP	153	40	1	1
1.90943598747	ICMP	364	364	2	2
24.6010129452	ICMP	379	379	1	1
22.6993098259	TCP	1289	40	1	1
0.512912988663	TCP	1084	40	2	2
2.57235693932	TCP	707	40	1	1
18.7775390148	UDP	236	264	1	1
7.51419878006	TCP	294	40	1	1
12.744412899	UDP	960	576	1	1
22.7301719189	ICMP	82	82	1	1
3.71681213379	UDP	186	214	1	1
0.432188987732	TCP	672	40	2	2
13.1506569386	TCP	1024	40	1	1
8.88439297676	ICMP	60	60	1	1
14.4377651215	TCP	119	40	1	2
24.3584899902	ICMP	722	722	1	1
19.7289290428	TCP	1108	40	1	1
2.4369020462	UDP	160	188	1	1
3.75531315804	UDP	361	389	1	1
4.55570101738	ICMP	400	400	1	1
6.39951205254	TCP	154	40	1	1
8.46023488045	ICMP	269	269	1	1
18.7044229507	ICMP	725	725	1	2
23.5544509888	UDP	773	576	1	1
13.1159417629	TCP	598	40	1	1
2.63066887856	TCP	677	40	1	1
17.2733860016	TCP	522	40	1	1
4.4506521225	ICMP	693	693	1	1
1.83680987358	ICMP	254	254	2	2
3.20510411263	TCP	1242	40	1	1
3.9212679863	UDP	73	101	1	1
29.4502620697	ICMP	49	49	1	1
17.908427	TCP	569	40	1	1
1.09265494347	UDP	34	62	2	2
9.88942503929	UDP	274	302	1	2
2.21414709091	TCP	1334	40	1	2
1.78978896141	TCP	649	40	2	2
18.6138708591	UDP	291	319	1	1
3.60040903091	ICMP	473	473	1	1
14.4275820255	ICMP	566	566	1	2
7.84230995178	TCP	162	40	1	1
15.4299860001	TCP	1078	40	1	1
5.34446001053	UDP	803	576	1	1
25.5726180077	TCP	853	40	1	1
32.6488280296	ICMP	658	658	1	2
2.15970993042	ICMP	417	417	1	1
7.02830386162	TCP	681	40	1	2
0.695152044296	UDP	36	64	2	2
14.1116518974	TCP	1112	40	1	1
0.401297092438	UDP	600	576	2	2
18.8368940353	ICMP	76	76	1	1
23.0855498314	ICMP	631	631	1	1
2.65418791771	TCP	543	40	1	1
8.17140293121	UDP	226	254	1	1
0.681833982468	TCP	1039	40	2	2
17.5816960335	ICMP	529	529	1	1
11.7686510086	TCP	434	40	1	1
18.30722785	TCP	1081	40	1	3
6.56983399391	UDP	530	558	1	1
14.7624001503	ICMP	572	572	1	1
7.5206091404	ICMP	430	430	1	1
4.47015690804	ICMP	426	426	1	1
7.20915007591	ICMP	323	323	1	1
18.3082139492	UDP	511	539	1	3
11.7718429565	ICMP	624	624	1	1
6.61298394203	TCP	1101	40	1	3
7.27274990082	UDP	372	400	1	1
0.728800058365	TCP	697	40	2	2
22.5706510544	TCP	1116	40	1	1
2.38953399658	TCP	206	40	1	1
24.6128048897	UDP	168	196	1	1
3.85093688965	ICMP	159	159	1	2
17.789978981	TCP	664	40	1	1
12.9245550632	TCP	228	40	1	1
1.50563001633	ICMP	549	549	2	2
3.95046901703	ICMP	106	106	1	1
9.28416609764	TCP	590	40	1	2
19.8899190426	TCP	1167	40	1	1
8.5535159111	ICMP	364	364	1	1
12.7466819286	UDP	701	576	1	1
2.25066995621	UDP	445	473	1	2
4.45062613487	ICMP	142	142	1	2
18.5744950771	ICMP	166	166	1	1
16.0806419849	ICMP	93	93	1	1
11.1680049896	TCP	894	40	1	1
21.4526879787	UDP	341	369	1	1
18.2612349987	UDP	722	576	1	1
20.1471810341	TCP	125	40	1	1
5.06928300858	TCP	878	40	1	2
6.62688279152	UDP	147	175	1	1
23.5957169533	TCP	1059	40	1	1
17.6218719482	ICMP	702	702	1	1
3.29958891869	ICMP	582	582	1	1
3.14670991898	ICMP	513	513	1	1
4.47218203545	TCP	1138	40	1	1
3.74911999702	UDP	917	576	1	1
10.8345041275	TCP	233	40	1	2
1.9770450592	ICMP	309	309	2	2
27.2249951363	UDP	696	576	1	1
1.81658697128	TCP	355	40	2	2
17.7853038311	TCP	178	40	1	1
3.35831689835	TCP	711	40	1	1
14.9478909969	TCP	749	40	1	1
30.3786039352	TCP	232	40	1	1
3.69957494736	TCP	854	40	1	2
17.0362930298	TCP	1289	40	1	1
14.7300190926	TCP	319	40	1	1
30.2190611362	ICMP	240	240	1	1
34.6045291424	ICMP	514	514	1	1
21.0403928757	TCP	365	40	1	1
5.56572890282	UDP	875	576	1	1
2.9890499115	TCP	1337	40	1	1
0.383704185486	ICMP	685	685	2	2
9.89839887619	TCP	847	40	1	2
6.56274795532	UDP	404	432	1	2
15.9775769711	UDP	208	236	1	1
2.49099779129	UDP	43	71	1	1
3.57888698578	UDP	684	576	1	1
3.08370089531	ICMP	714	714	1	1
7.3004720211	TCP	1203	40	1	1
19.7433590889	ICMP	520	520	1	1
6.00402903557	TCP	88	40	1	1
3.19373106956	UDP	561	576	1	1
2.13236784935	UDP	826	576	1	2
29.7467310429	TCP	909	40	1	1
12.0107629299	UDP	769	576	1	1
33.2668800354	TCP	717	40	1	1
25.4047210217	ICMP	387	387	1	1
23.6338589191	TCP	1228	40	1	1
10.551112175	UDP	440	468	1	1
5.92001700401	UDP	75	103	1	1
7.95080089569	UDP	29	57	1	1
29.2249109745	ICMP	163	163	1	1
0.413637876511	UDP	260	288	2	2
30.051680088	TCP	418	40	1	1
6.14703702927	TCP	389	40	1	1
7.30877995491	TCP	1178	40	1	1
0.950163125992	TCP	59	40	2	2
3.43760681152	TCP	651	40	1	1
3.63164591789	ICMP	36	36	1	2
2.2281908989	UDP	703	576	1	3
8.09797096252	UDP	830	576	1	1
31.6448669434	ICMP	255	255	1	1
15.1787211895	TCP	808	40	1	1
2.9170589447	ICMP	336	336	1	1
26.4924879074	UDP	815	576	1	1
16.3881049156	UDP	652	576	1	1
1.33168697357	TCP	1032	40	2	2
6.1594979763	ICMP	303	303	1	1
11.3864469528	TCP	264	40	1	1
3.71110701561	TCP	345	40	1	1
18.385226965	UDP	301	329	1	1
24.2158470154	TCP	565	40	1	1
26.4797420502	TCP	1270	40	1	1
4.68286395073	TCP	663	40	1	2
19.6683909893	TCP	581	40	1	1
2.7337770462	ICMP	568	568	1	1
29.0764210224	ICMP	267	267	1	1
4.61105084419	TCP	1151	40	1	1
5.57002305984	UDP	1014	576	1	1
32.2696080208	TCP	784	40	1	1
0.959805965424	TCP	876	40	2	2
1.85132098198	ICMP	60	60	2	2
3.08829283714	TCP	612	40	1	2
19.9201469421	ICMP	556	556	1	2
6.5312898159	UDP	926	576	1	1
1.9465470314	UDP	729	576	2	2
12.670114994	ICMP	640	640	1	1
14.7312619686	TCP	554	40	1	1
1.46542692184	TCP	282	40	2	2
5.06015300751	TCP	640	40	1	1
0.420161962509	TCP	498	40	2	2
4.48936486244	ICMP	348	348	1	1
2.56908488274	TCP	875	40	1	1
6.18096709251	TCP	926	40	1	1
1.09609699249	TCP	952	40	2	2
4.88912796974	UDP	828	576	1	1
7.29992079735	TCP	176	40	1	1
8.73422503471	UDP	1028	576	1	2
4.67838907242	TCP	1245	40	1	1
25.7849919796	TCP	938	40	1	2
14.9200351238	ICMP	174	174	1	1
2.33660101891	TCP	904	40	1	2
2.89828801155	TCP	565	40	1	1
6.48025894165	UDP	265	293	1	2
7.69204378128	ICMP	50	50	1	1
16.2282171249	ICMP	524	524	1	1
0.409950017929	TCP	447	40	2	2
2.66181707382	ICMP	29	29	1	2
2.29604506493	ICMP	228	228	1	1
11.2242541313	UDP	354	382	1	1
2.42793011665	ICMP	544	544	1	1
17.4497640133	ICMP	190	190	1	2
8.23614597321	TCP	448	40	1	2
15.6478950977	TCP	541	40	1	2
3.86348509789	ICMP	263	263	1	1
6.29132390022	ICMP	715	715	1	1
5.05660700798	TCP	820	40	1	1
3.53215694427	UDP	811	576	1	1
0.409373998642	TCP	1061	40	2	2
14.1603939533	ICMP	485	485	1	2
5.28740692139	ICMP	94	94	1	2
3.41211080551	ICMP	283	283	1	1
4.01966285706	UDP	978	576	1	1
14.8054120541	UDP	158	186	1	1
2.27471399307	TCP	553	40	1	1
7.74002504349	TCP	411	40	1	2
17.2447538376	TCP	1315	40	1	1
8.11030006409	UDP	557	576	1	1
13.453592062	TCP	1157	40	1	1
10.1093869209	ICMP	511	511	1	1
11.7700059414	TCP	641	40	1	1
7.46788406372	TCP	96	40	1	1
15.4364299774	TCP	702	40	1	1
20.1423671246	UDP	137	165	1	1
18.0469911098	TCP	56	40	1	3
13.3405110836	TCP	881	40	1	1
3.39615988731	UDP	985	576	1	1
20.6797249317	TCP	662	40	1	1
32.8123958111	TCP	984	40	1	1
3.20319700241	ICMP	124	124	1	1
21.0074009895	TCP	399	40	1	2
17.8611791134	TCP	246	40	1	1
7.20010495186	TCP	903	40	1	1
15.1038820744	TCP	227	40	1	1
8.55381298065	TCP	607	40	1	1
9.19272089005	TCP	929	40	1	1
12.7265000343	UDP	155	183	1	1
30.9629261494	TCP	1145	40	1	1
4.37298989296	TCP	1220	40	1	1
2.15271306038	TCP	1133	40	1	1
3.85646510124	UDP	215	243	1	1
24.2308778763	TCP	162	40	1	1
3.16956210136	UDP	955	576	1	1
6.01195001602	TCP	66	40	1	1
25.3157248497	TCP	155	40	1	1
29.5824141502	TCP	637	40	1	1
8.18432402611	ICMP	656	656	1	2
2.1891579628	TCP	477	40	1	1
15.0386869907	ICMP	712	712	1	1
3.15876793861	ICMP	435	435	1	1
11.9852597713	TCP	983	40	1	1
10.5033199787	ICMP	211	211	1	1
5.52727007866	TCP	252	40	1	1
6.85689496994	ICMP	561	561	1	1
2.49233818054	UDP	943	576	1	1
2.34309077263	TCP	924	40	1	2
14.8112931252	ICMP	79	79	1	1
12.6529269218	TCP	969	40	1	1
6.40812683105	ICMP	536	536	1	1
2.73824810982	TCP	853	40	1	1
4.89157414436	TCP	1174	40	1	1
15.1166200638	TCP	630	40	1	1
2.42306900024	TCP	977	40	1	1
0.732932806015	ICMP	511	511	2	2
13.1794540882	TCP	1315	40	1	1
20.602175951	ICMP	227	227	1	1
2.25901699066	TCP	1114	40	1	1
4.93934297562	TCP	593	40	1	1
2.94958996773	ICMP	410	410	1	1
12.2693920135	TCP	168	40	1	1
3.06804180145	UDP	519	547	1	1
20.0121898651	ICMP	415	415	1	1
19.8531441689	UDP	325	353	1	2
3.39517617226	ICMP	171	171	1	1
0.401674032211	TCP	861	40	2	2
4.44383192062	TCP	667	40	1	1
3.79174494743	ICMP	283	283	1	1
10.3186900616	TCP	552	40	1	1
4.12249302864	TCP	1249	40	1	1
15.9419269562	TCP	481	40	1	1
9.65996909142	TCP	976	40	1	1
18.4201271534	UDP	36	64	1	1
8.39311599731	TCP	902	40	1	1
15.8752100468	ICMP	680	680	1	1
10.4157221317	UDP	512	540	1	1
8.47958016396	ICMP	589	589	1	2
5.0596511364	TCP	836	40	1	1
3.21861696243	UDP	791	576	1	1
15.8042171001	TCP	815	40	1	1
2.13190293312	UDP	452	480	1	1
10.6189210415	TCP	209	40	1	1
22.6266720295	TCP	706	40	1	3
1.98710584641	UDP	655	576	2	2
8.40635991096	UDP	963	576	1	2
2.21501207352	ICMP	434	434	1	1
17.2597489357	TCP	999	40	1	2
29.2285938263	TCP	442	40	1	1
6.33345079422	ICMP	670	670	1	1
8.61480998993	TCP	970	40	1	1
7.4938158989	TCP	1053	40	1	1
22.7649469376	TCP	324	40	1	1
6.3002371788	UDP	151	179	1	1
12.3128709793	UDP	57	85	1	1
31.6279239655	ICMP	30	30	1	1
20.9321100712	UDP	103	131	1	1
2.44489002228	TCP	618	40	1	1
8.76368713379	TCP	917	40	1	1
17.9834320545	TCP	1110	40	1	1
5.51846003532	TCP	669	40	1	1
29.041315794	ICMP	381	381	1	1
4.5093691349	TCP	1034	40	1	1
3.0082359314	TCP	425	40	1	1
18.2334778309	TCP	1164	40	1	1
3.08542108536	TCP	548	40	1	2
1.03602409363	ICMP	717	717	2	2
19.921200037	UDP	552	576	1	1
2.88978981972	ICMP	667	667	1	2
31.6103920937	TCP	963	40	1	1
13.3317608833	TCP	677	40	1	1
6.28411984444	ICMP	388	388	1	2
3.77960205078	TCP	371	40	1	1
0.917737007141	TCP	226	40	2	3
3.14974999428	TCP	650	40	1	1
13.5438070297	ICMP	667	667	1	1
7.62975311279	ICMP	293	293	1	1
2.87824702263	TCP	705	40	1	1
32.1707150936	UDP	429	457	1	1
2.83263111115	UDP	416	444	1	1
5.03771781921	ICMP	522	522	1	1
4.64298701286	TCP	899	40	1	1
15.8773560524	ICMP	124	124	1	3
18.63935709	ICMP	282	282	1	1
21.8393449783	TCP	1125	40	1	1
5.8403339386	UDP	540	568	1	1
3.90093803406	TCP	786	40	1	2
23.1897819042	TCP	793	40	1	1
23.1133878231	ICMP	541	541	1	1
13.8793141842	ICMP	673	673	1	1
10.5117120743	ICMP	42	42	1	1
14.829595089	ICMP	270	270	1	1
17.2444608212	ICMP	44	44	1	1
28.6743140221	ICMP	99	99	1	1
10.8997797966	TCP	425	40	1	1
2.54034304619	UDP	714	576	1	1
26.1316149235	TCP	64	40	1	1
7.14308190346	UDP	379	407	1	1
6.97074699402	TCP	1299	40	1	1
11.1255619526	TCP	1088	40	1	2
1.93795800209	UDP	876	576	2	3
1.53055715561	ICMP	169	169	2	2
10.7045378685	ICMP	66	66	1	1
9.13505196571	TCP	820	40	1	1
22.6060497761	TCP	947	40	1	1
20.4146530628	TCP	985	40	1	1
0.447598934174	ICMP	159	159	2	2
14.2791280746	TCP	211	40	1	1
1.49276208878	ICMP	297	297	2	2
7.91940402985	ICMP	136	136	1	1
3.32353305817	TCP	1107	40	1	1
7.97951793671	TCP	746	40	1	1
2.07400918007	TCP	291	40	1	1
30.6679110527	ICMP	624	624	1	1
26.0095379353	UDP	759	576	1	2
3.16561412811	TCP	600	40	1	1
7.28922915459	ICMP	75	75	1	1
16.3040978909	TCP	588	40	1	1
2.00095295906	TCP	633	40	1	1
19.4187870026	TCP	1040	40	1	1
12.0991899967	TCP	1174	40	1	1
18.2873749733	UDP	1010	576	1	1
27.3206419945	TCP	422	40	1	2
2.38949394226	ICMP	107	107	1	1
16.0732600689	TCP	741	40	1	2
2.28215098381	ICMP	386	386	1	1
29.876832962	TCP	787	40	1	1
23.3790109158	ICMP	55	55	1	1
23.3314261436	TCP	442	40	1	2
18.7798359394	ICMP	412	412	1	2
10.3124861717	UDP	742	576	1	1
4.99476003647	TCP	870	40	1	1
4.10760688782	TCP	538	40	1	1
7.82371115685	UDP	652	576	1	1
18.8103091717	UDP	121	149	1	1
5.50619482994	TCP	682	40	1	2
0.611491918564	TCP	785	40	2	2
17.8968310356	ICMP	211	211	1	1
2.1699090004	ICMP	59	59	1	1
4.65556883812	TCP	582	40	1	2
21.8227341175	TCP	759	40	1	1
17.1258761883	ICMP	264	264	1	1
12.2919521332	ICMP	667	667	1	1
3.57427120209	UDP	334	362	1	2
4.56263494492	UDP	768	576	1	1
6.9392220974	TCP	848	40	1	2
11.4467229843	ICMP	333	333	1	1
2.62390398979	TCP	677	40	1	1
9.13314294815	ICMP	675	675	1	1
30.6261060238	TCP	727	40	1	1
3.38213610649	ICMP	111	111	1	1
25.5287330151	ICMP	552	552	1	1
16.0604140759	UDP	60	88	1	1
7.41640400887	ICMP	105	105	1	1
11.8165998459	UDP	730	576	1	1
1.84501481056	UDP	848	576	2	2
11.545263052	UDP	34	62	1	1
33.0996649265	TCP	697	40	1	1
10.4567239285	TCP	236	40	1	1
8.19042897224	ICMP	123	123	1	1
3.81201982498	TCP	399	40	1	1
12.5462310314	ICMP	539	539	1	2
4.82500886917	TCP	201	40	1	1
3.53801608086	ICMP	574	574	1	1
3.13972377777	ICMP	693	693	1	1
7.66799902916	TCP	694	40	1	1
14.7824389935	UDP	352	380	1	1
25.751115799	ICMP	37	37	1	2
15.6676430702	ICMP	437	437	1	1
13.7584741116	UDP	258	286	1	1
4.65050506592	ICMP	294	294	1	1
2.37042593956	TCP	61	40	1	1
15.5395379066	TCP	63	40	1	1
8.67281603813	TCP	693	40	1	1
2.03665685654	TCP	325	40	1	1
4.59674096107	ICMP	575	575	1	1
2.00050902367	TCP	144	40	1	1
1.67040991783	ICMP	660	660	2	2
2.96148896217	TCP	435	40	1	1
24.1243050098	TCP	966	40	1	1
4.87559485435	ICMP	73	73	1	2
4.38547897339	TCP	670	40	1	2
13.2221210003	UDP	440	468	1	1
9.4815120697	UDP	1014	576	1	1
8.37936496735	TCP	625	40	1	1
13.4163551331	ICMP	203	203	1	1
3.21369385719	ICMP	434	434	1	1
0.950616836548	ICMP	274	274	2	2
2.44222187996	TCP	535	40	1	1
11.6469259262	UDP	342	370	1	1
5.64882206917	TCP	583	40	1	1
12.8911719322	ICMP	46	46	1	1
4.60809707642	TCP	698	40	1	1
30.458261013	TCP	515	40	1	1
2.95293307304	TCP	784	40	1	1
4.4199090004	TCP	407	40	1	1
16.7586598396	UDP	640	576	1	1
2.55732703209	UDP	496	524	1	1
17.1822321415	ICMP	370	370	1	2
4.49997711182	TCP	428	40	1	2
8.49360895157	ICMP	590	590	1	1
4.44700908661	UDP	770	576	1	1
23.0690889359	ICMP	609	609	1	1
8.76536297798	ICMP	429	429	1	1
14.1615619659	TCP	426	40	1	1
6.58847808838	ICMP	610	610	1	1
9.93316698074	UDP	1026	576	1	1
15.1496360302	ICMP	279	279	1	1
4.62301301956	TCP	577	40	1	1
2.3699131012	TCP	308	40	1	1
10.2826092243	ICMP	327	327	1	2
23.8406169415	UDP	309	337	1	1
21.5536770821	TCP	530	40	1	1
1.74025702477	UDP	168	196	2	2
32.6993570328	ICMP	410	410	1	1
9.65556693077	TCP	507	40	1	1
5.52393698692	ICMP	35	35	1	1
17.0291700363	TCP	1231	40	1	1
10.605463028	TCP	784	40	1	1
7.50928211212	UDP	823	576	1	1
2.0044298172	ICMP	188	188	1	1
20.1324148178	TCP	270	40	1	2
23.7861659527	ICMP	631	631	1	1
2.04791998863	TCP	747	40	1	2
5.57598805428	TCP	1249	40	1	1
3.53658795357	TCP	743	40	1	1
7.0176460743	TCP	884	40	1	1
12.6504831314	TCP	1276	40	1	1
5.9685280323	ICMP	353	353	1	1
4.65913200378	ICMP	600	600	1	1
25.4474489689	UDP	924	576	1	1
6.45734214783	ICMP	604	604	1	1
14.8203868866	UDP	73	101	1	2
25.4394719601	ICMP	400	400	1	1
15.0556550026	UDP	639	576	1	1
12.5013921261	ICMP	53	53	1	1
1.4169819355	ICMP	593	593	2	2
2.25873804092	TCP	567	40	1	1
27.6297941208	TCP	962	40	1	1
23.6628069878	ICMP	265	265	1	2
2.82693314552	TCP	112	40	1	1
4.00023508072	ICMP	658	658	1	1
4.88316297531	ICMP	211	211	1	2
23.3203961849	TCP	157	40	1	1
6.85281610489	UDP	931	576	1	1
3.09249711037	ICMP	466	466	1	1
23.2166690826	ICMP	107	107	1	1
10.5020051003	ICMP	152	152	1	1
3.09365296364	UDP	719	576	1	2
6.92565202713	TCP	1042	40	1	1
4.85445404053	TCP	1079	40	1	1
3.7479891777	ICMP	97	97	1	1
29.5932519436	TCP	1114	40	1	1
1.38933491707	ICMP	484	484	2	2
3.17138504982	TCP	519	40	1	1
28.4304790497	UDP	304	332	1	1
28.3803069592	TCP	516	40	1	1
20.154984951	TCP	386	40	1	1
4.28218388557	TCP	572	40	1	2
6.56574392319	ICMP	266	266	1	1
1.5148088932	TCP	619	40	2	2
4.05218100548	ICMP	427	427	1	1
17.1377708912	UDP	644	576	1	2
22.1888670921	TCP	795	40	1	2
5.30929017067	TCP	209	40	1	1
1.62717008591	TCP	1299	40	2	2
17.7330021858	TCP	359	40	1	1
26.8167300224	UDP	894	576	1	1
2.17470788956	UDP	265	293	1	1
2.11173009872	UDP	400	428	1	1
9.95543599129	UDP	886	576	1	1
24.0427980423	TCP	866	40	1	2
17.5703361034	ICMP	726	726	1	1
13.0101149082	TCP	1065	40	1	1
3.30123019218	UDP	223	251	1	1
2.51936578751	TCP	276	40	1	2
3.39547204971	TCP	630	40	1	1
14.3914859295	UDP	753	576	1	1
2.26125311852	UDP	700	576	1	2
21.7599730492	ICMP	325	325	1	1
5.11875700951	UDP	642	576	1	1
13.5210549831	TCP	1104	40	1	2
3.72874307632	TCP	1177	40	1	1
1.198969841	UDP	288	316	2	2
1.33701586723	ICMP	95	95	2	3
16.7886080742	TCP	939	40	1	1
32.8645300865	UDP	411	439	1	1
8.61979794502	TCP	457	40	1	1
5.80938792229	TCP	967	40	1	1
23.9066729546	UDP	497	525	1	1
17.6564731598	TCP	1216	40	1	1
3.74664115906	ICMP	533	533	1	1
10.0280070305	ICMP	322	322	1	1
30.6483240128	ICMP	627	627	1	1
2.43717908859	ICMP	604	604	1	1
6.98597693443	TCP	832	40	1	2
10.5351769924	UDP	919	576	1	1
10.6042521	ICMP	548	548	1	1
20.1536159515	ICMP	515	515	1	1
5.34610795975	ICMP	699	699	1	1
5.96794390678	ICMP	409	409	1	1
4.38136696815	ICMP	398	398	1	1
13.5794918537	TCP	380	40	1	1
4.2103729248	UDP	207	235	1	1
1.95563197136	UDP	444	472	2	2
2.46925997734	TCP	753	40	1	1
12.3770170212	TCP	789	40	1	1
10.0259070396	ICMP	668	668	1	1
2.88777303696	TCP	549	40	1	1
7.88096404076	ICMP	288	288	1	1
3.76286911964	TCP	467	40	1	1
15.6448740959	TCP	1337	40	1	2
11.9902920723	TCP	1153	40	1	1
12.2965700626	TCP	346	40	1	1
2.38318610191	TCP	218	40	1	1
4.91035604477	TCP	708	40	1	1
2.52452397346	TCP	653	40	1	1
10.8312151432	ICMP	172	172	1	1
28.6712770462	ICMP	665	665	1	1
20.490405798	TCP	227	40	1	1
5.79029893875	TCP	289	40	1	1
16.1215960979	TCP	521	40	1	1
3.89176297188	TCP	784	40	1	1
23.0187540054	ICMP	33	33	1	1
0.61513710022	TCP	1254	40	2	2
0.435495138168	UDP	489	517	2	2
19.939925909	TCP	1063	40	1	1
2.30766296387	ICMP	529	529	1	1
9.0266289711	TCP	1083	40	1	1
13.9793729782	TCP	877	40	1	1
10.0595269203	ICMP	690	690	1	2
17.5784368515	TCP	1238	40	1	1
31.4424419403	UDP	528	556	1	1
3.21258807182	ICMP	576	576	1	1
5.3533987999	ICMP	610	610	1	1
5.24063301086	ICMP	698	698	1	1
8.96095991135	ICMP	312	312	1	1
3.07601284981	TCP	1273	40	1	1
4.49363994598	ICMP	309	309	1	1
0.406780958176	ICMP	225	225	2	2
4.48725104332	UDP	138	166	1	1
8.84689497948	TCP	918	40	1	1
6.50749087334	ICMP	431	431	1	1
7.66938495636	TCP	308	40	1	1
8.71832489967	TCP	1104	40	1	2
28.9892828465	TCP	1006	40	1	1
3.76613497734	TCP	376	40	1	1
9.66177010536	TCP	436	40	1	1
14.070841074	TCP	76	40	1	1
3.29275417328	TCP	1003	40	1	1
12.6251211166	TCP	592	40	1	1
2.19194197655	TCP	1332	40	1	1
0.397911071777	TCP	480	40	2	2
3.17183303833	ICMP	694	694	1	1
7.21467590332	ICMP	412	412	1	1
5.35321807861	TCP	1269	40	1	2
4.06356811523	TCP	1059	40	1	1
33.0981259346	TCP	708	40	1	1
8.9893219471	TCP	258	40	1	1
3.87922000885	TCP	951	40	1	1
20.0542869568	TCP	1261	40	1	1
2.66560912132	UDP	538	566	1	1
2.06962800026	ICMP	614	614	1	1
5.12086200714	UDP	664	576	1	1
4.31052398682	ICMP	525	525	1	1
12.033823967	ICMP	422	422	1	2
28.0134680271	ICMP	130	130	1	1
7.23058199883	ICMP	189	189	1	1
21.3469009399	TCP	549	40	1	1
2.81087899208	TCP	1175	40	1	2
23.4711399078	UDP	927	576	1	1
3.33704900742	ICMP	377	377	1	1
8.27178096771	TCP	412	40	1	1
7.04302215576	UDP	444	472	1	1
32.3424680233	ICMP	725	725	1	1
30.0704889297	TCP	469	40	1	1
25.6398470402	ICMP	283	283	1	1
23.9875171185	TCP	112	40	1	2
21.2708189487	TCP	1271	40	1	1
6.5637819767	TCP	177	40	1	1
7.0767121315	ICMP	623	623	1	1
1.35915398598	ICMP	287	287	2	2
1.80158805847	TCP	814	40	2	3
4.09956812859	ICMP	330	330	1	1
5.93272399902	TCP	1107	40	1	1
32.9211919308	TCP	773	40	1	1
0.673902988434	TCP	919	40	2	2
2.13639092445	UDP	306	334	1	1
9.03872394562	UDP	385	413	1	1
12.0018839836	TCP	674	40	1	1
10.8062880039	ICMP	676	676	1	1
14.3626019955	TCP	408	40	1	1
15.7921009064	TCP	360	40	1	1
16.4432718754	ICMP	263	263	1	1
2.41592788696	TCP	919	40	1	1
24.4449329376	TCP	715	40	1	2
21.4335889816	UDP	811	576	1	1
7.09285497665	ICMP	457	457	1	2
23.4195821285	UDP	701	576	1	1
6.15423202515	TCP	558	40	1	1
13.5092630386	TCP	1157	40	1	1
1.21495890617	ICMP	617	617	2	2
8.17957115173	ICMP	61	61	1	1
18.4927279949	ICMP	685	685	1	1
9.88331985474	ICMP	150	150	1	2
10.474460125	UDP	475	503	1	1
22.65290308	ICMP	304	304	1	1
18.4419810772	UDP	600	576	1	1
6.33999204636	TCP	1025	40	1	1
10.0265538692	TCP	93	40	1	1
4.71184706688	TCP	271	40	1	1
3.29190802574	UDP	1011	576	1	1
4.04910802841	ICMP	497	497	1	1
