4.69764018059	ICMP	270	270	1	2
0.209394931793	UDP	975	576	2	10
0.779556035995	ICMP	372	372	2	3
0.339595079422	TCP	234	40	2	2
4.61326599121	UDP	472	500	1	3
16.0278429985	TCP	637	40	1	2
0.238709211349	TCP	949	40	2	8
0.220184803009	TCP	520	40	2	2
4.53920912743	TCP	976	40	1	4
4.61926293373	ICMP	679	679	1	5
4.01034998894	TCP	1080	40	1	2
19.6144990921	ICMP	291	291	1	3
0.226422071457	ICMP	164	164	2	3
19.2833080292	TCP	1307	40	1	3
0.310045003891	UDP	89	117	2	5
18.0110549927	TCP	87	40	1	2
1.0048520565	TCP	679	40	2	3
0.101099014282	ICMP	721	721	2	6
0.199321985245	TCP	996	40	2	2
3.60985302925	TCP	225	40	1	2
10.6399941444	UDP	382	410	1	7
0.839677095413	UDP	71	99	2	5
2.72206282616	TCP	1157	40	1	4
2.32985210419	ICMP	697	697	1	3
0.154892921448	TCP	1265	40	2	4
0.202310085297	TCP	448	40	2	2
0.202412843704	ICMP	568	568	2	3
17.0235869884	TCP	93	40	1	3
14.192786932	UDP	918	576	1	4
6.51645898819	TCP	1319	40	1	2
0.659743070602	TCP	308	40	2	5
0.224591970444	UDP	253	281	2	8
2.06592607498	TCP	589	40	1	5
0.129544973373	UDP	548	576	2	2
0.826982975006	ICMP	669	669	2	5
0.19912981987	TCP	537	40	2	7
4.86091303825	ICMP	490	490	1	2
5.20055198669	UDP	727	576	1	3
0.209019184113	ICMP	481	481	2	4
0.240735054016	ICMP	611	611	2	4
0.139270067215	TCP	532	40	2	5
18.4175510406	TCP	1300	40	1	2
0.13291478157	TCP	605	40	2	4
1.21883797646	TCP	1086	40	2	3
2.8224170208	TCP	1268	40	1	1
3.76906895638	ICMP	675	675	1	4
8.84365797043	TCP	393	40	1	2
10.3990030289	ICMP	326	326	1	4
2.99376392365	TCP	212	40	1	4
5.01169109344	UDP	629	576	1	6
0.221256971359	TCP	966	40	2	7
4.40249609947	ICMP	134	134	1	4
12.9395980835	TCP	605	40	1	1
0.226178884506	TCP	134	40	2	2
1.78567504883	ICMP	548	548	2	2
0.653461933136	ICMP	122	122	2	10
0.318907022476	TCP	346	40	2	2
9.43995308876	UDP	355	383	1	3
4.36963891983	TCP	321	40	1	5
0.332296133041	TCP	158	40	2	4
1.38982105255	TCP	438	40	2	4
0.389365911484	TCP	464	40	2	9
2.65925097466	ICMP	535	535	1	2
4.02975392342	TCP	953	40	1	3
4.54955506325	TCP	1174	40	1	1
0.350212097168	UDP	906	576	2	5
0.63130402565	UDP	132	160	2	6
12.5322728157	UDP	742	576	1	3
8.23041415215	UDP	185	213	1	3
0.225579023361	TCP	620	40	2	2
5.02335000038	ICMP	454	454	1	2
0.215220212936	UDP	922	576	2	4
7.48010611534	UDP	337	365	1	1
0.340980052948	UDP	934	576	2	4
4.80480003357	TCP	578	40	1	3
0.118153095245	TCP	217	40	2	8
3.90865802765	TCP	1109	40	1	2
0.18946313858	TCP	1331	40	2	6
11.8838469982	ICMP	660	660	1	4
4.51647901535	UDP	253	281	1	2
12.8598108292	TCP	367	40	1	4
0.749118089676	TCP	540	40	2	4
12.5495111942	TCP	414	40	1	2
0.199089050293	TCP	219	40	2	2
1.78642296791	TCP	1029	40	2	4
2.16008806229	TCP	946	40	1	5
15.3797941208	UDP	557	576	1	3
0.221672058105	TCP	332	40	2	10
0.178642034531	UDP	959	576	2	4
4.95514512062	TCP	900	40	1	2
0.0972130298615	ICMP	262	262	2	2
4.18486809731	TCP	1167	40	1	5
0.308130025864	TCP	266	40	2	4
20.6290740967	UDP	725	576	1	3
0.19907784462	UDP	809	576	2	6
1.86967420578	ICMP	282	282	2	4
0.336177825928	UDP	878	576	2	4
0.237525224686	TCP	198	40	2	4
9.28455901146	TCP	362	40	1	4
11.8294022083	TCP	390	40	1	2
0.21852016449	TCP	1120	40	2	4
7.80981206894	ICMP	67	67	1	4
2.61385297775	TCP	481	40	1	4
13.3802220821	ICMP	436	436	1	3
18.7400419712	TCP	370	40	1	3
10.9351630211	TCP	685	40	1	2
1.61728096008	TCP	822	40	2	4
8.87975001335	UDP	836	576	1	4
1.85538697243	ICMP	237	237	2	3
0.236294984818	TCP	237	40	2	5
4.34573602676	UDP	97	125	1	1
12.7673099041	TCP	1282	40	1	2
15.7464809418	ICMP	254	254	1	5
4.26965785027	ICMP	445	445	1	6
0.179855108261	UDP	964	576	2	2
2.69935584068	TCP	97	40	1	2
0.244584798813	TCP	322	40	2	4
0.768061876297	ICMP	616	616	2	4
13.2494220734	UDP	1016	576	1	3
6.13799500465	ICMP	641	641	1	1
2.15910387039	ICMP	455	455	1	2
0.128005981445	TCP	188	40	2	2
4.10921096802	TCP	86	40	1	3
3.50477194786	TCP	228	40	1	2
3.67931985855	ICMP	285	285	1	3
12.3597638607	UDP	125	153	1	3
8.18358111382	UDP	540	568	1	1
9.98911094666	ICMP	695	695	1	5
0.177841901779	ICMP	280	280	2	6
18.905328989	UDP	187	215	1	3
0.22269487381	TCP	1287	40	2	8
0.192851066589	TCP	1188	40	2	6
4.61439681053	ICMP	290	290	1	3
3.98047399521	TCP	590	40	1	3
1.69025182724	TCP	112	40	2	3
4.76238083839	UDP	325	353	1	3
3.12966799736	UDP	495	523	1	3
0.349426984787	TCP	1180	40	2	2
1.77853798866	TCP	521	40	2	5
3.6943500042	TCP	1175	40	1	4
0.563135147095	TCP	1114	40	2	4
12.194945097	ICMP	673	673	1	5
0.378984928131	UDP	761	576	2	3
0.223166942596	TCP	1016	40	2	2
0.16937494278	TCP	411	40	2	4
0.407235145569	TCP	760	40	2	2
4.03896188736	TCP	920	40	1	5
0.118046998978	TCP	1161	40	2	6
11.2994558811	ICMP	151	151	1	1
4.73299002647	TCP	1332	40	1	1
4.77976417542	ICMP	397	397	1	2
0.226068019867	TCP	163	40	2	10
17.3693180084	ICMP	709	709	1	2
0.112178087234	TCP	387	40	2	2
0.120693922043	UDP	225	253	2	4
1.79881906509	ICMP	408	408	2	3
0.31964802742	ICMP	593	593	2	2
0.149542808533	ICMP	174	174	2	2
2.88303804398	TCP	1226	40	1	2
0.757750988007	TCP	1045	40	2	2
4.81477689743	ICMP	320	320	1	3
4.33936595917	TCP	682	40	1	2
9.26500511169	TCP	991	40	1	1
0.222569942474	ICMP	116	116	2	6
2.80272817612	ICMP	553	553	1	3
0.222269058228	ICMP	38	38	2	6
0.649231910706	UDP	298	326	2	2
0.722252130508	ICMP	242	242	2	3
0.226172924042	UDP	244	272	2	6
15.6103100777	ICMP	102	102	1	4
0.267343997955	TCP	994	40	2	4
0.222697973251	UDP	179	207	2	6
0.189495801926	TCP	424	40	2	8
0.117025136948	UDP	405	433	2	2
10.0896830559	UDP	265	293	1	4
4.62998008728	UDP	653	576	1	3
0.280941009521	TCP	765	40	2	2
2.57956695557	TCP	152	40	1	2
3.70206403732	TCP	46	40	1	1
7.53896188736	TCP	1309	40	1	2
3.46454596519	TCP	1269	40	1	3
0.21506690979	TCP	413	40	2	4
0.386842012405	ICMP	347	347	2	3
11.9995121956	ICMP	576	576	1	3
1.1494820118	TCP	1120	40	2	5
3.3807849884	TCP	681	40	1	4
0.223731994629	TCP	65	40	2	2
1.22154688835	TCP	240	40	2	4
2.94887495041	TCP	1122	40	1	2
3.52715682983	ICMP	304	304	1	2
4.48970794678	ICMP	579	579	1	4
0.331845998764	ICMP	148	148	2	5
0.202819824219	TCP	1323	40	2	8
17.4940729141	UDP	581	576	1	6
2.26939105988	TCP	632	40	1	3
2.83555197716	TCP	1183	40	1	2
4.38384890556	TCP	860	40	1	2
2.4692940712	TCP	1167	40	1	3
0.276492118835	TCP	547	40	2	3
3.68913197517	ICMP	646	646	1	4
0.209231853485	UDP	983	576	2	2
0.223428010941	TCP	228	40	2	6
0.285032987595	TCP	511	40	2	4
0.117938995361	UDP	401	429	2	6
2.28953099251	ICMP	477	477	1	6
4.20600390434	TCP	49	40	1	3
0.139868021011	ICMP	126	126	2	3
2.4049448967	ICMP	106	106	1	3
0.369264125824	TCP	452	40	2	6
17.727725029	TCP	565	40	1	3
2.83104705811	ICMP	708	708	1	2
1.51034021378	TCP	1318	40	2	2
0.119611978531	ICMP	501	501	2	6
4.18722486496	UDP	386	414	1	1
3.38660287857	TCP	1069	40	1	4
3.07198405266	TCP	1276	40	1	4
0.173220872879	TCP	570	40	2	2
2.17105007172	TCP	51	40	1	6
0.101985931396	ICMP	108	108	2	4
16.2905099392	UDP	701	576	1	1
0.139580965042	TCP	159	40	2	4
5.06074905396	ICMP	531	531	1	6
2.26728200912	TCP	1138	40	1	3
4.13899183273	TCP	1153	40	1	3
0.179671049118	UDP	846	576	2	6
10.0840089321	TCP	360	40	1	4
4.55870699883	TCP	1179	40	1	4
0.198925971985	TCP	1227	40	2	4
7.25538897514	ICMP	215	215	1	1
12.0589659214	TCP	1125	40	1	3
0.250714063644	UDP	458	486	2	5
1.96987915039	UDP	933	576	2	6
8.9015519619	TCP	54	40	1	3
4.24918293953	TCP	596	40	1	3
1.77622509003	TCP	171	40	2	3
0.265017986298	TCP	419	40	2	3
1.66746497154	TCP	1105	40	2	5
1.4375	TCP	120	40	2	3
0.139522075653	ICMP	663	663	2	2
0.187649011612	ICMP	608	608	2	4
12.3992848396	ICMP	693	693	1	4
8.41948795319	TCP	879	40	1	2
0.323748111725	ICMP	186	186	2	7
4.05136990547	TCP	108	40	1	2
0.839841842651	TCP	682	40	2	4
0.20973110199	UDP	363	391	2	2
0.174448013306	ICMP	107	107	2	2
0.170987844467	ICMP	425	425	2	3
0.22342300415	TCP	457	40	2	5
0.221496105194	TCP	1323	40	2	2
3.91042590141	TCP	289	40	1	2
0.389041185379	ICMP	249	249	2	2
3.68921303749	TCP	756	40	1	6
0.216531991959	ICMP	380	380	2	2
4.95573115349	TCP	849	40	1	1
14.9699161053	TCP	554	40	1	4
3.01931619644	TCP	274	40	1	1
0.221697092056	TCP	946	40	2	6
1.84978699684	TCP	559	40	2	7
0.117140054703	TCP	621	40	2	6
2.09969305992	ICMP	695	695	1	3
0.151389122009	ICMP	441	441	2	5
2.33006191254	TCP	1045	40	1	3
0.224900960922	ICMP	299	299	2	4
0.336246967316	ICMP	664	664	2	6
2.19064378738	ICMP	93	93	1	2
0.326339960098	ICMP	106	106	2	4
1.94855594635	TCP	1221	40	2	6
4.24111318588	TCP	392	40	1	4
0.22426199913	ICMP	310	310	2	4
0.182898044586	UDP	237	265	2	4
1.75603103638	TCP	674	40	2	5
4.07749700546	TCP	191	40	1	4
3.46884584427	ICMP	170	170	1	3
13.9556651115	TCP	457	40	1	4
4.58659911156	TCP	1273	40	1	1
2.18300104141	ICMP	61	61	1	3
12.6251499653	UDP	983	576	1	2
16.2229399681	TCP	572	40	1	4
6.6345500946	ICMP	370	370	1	4
1.73307609558	UDP	47	75	2	4
7.24814605713	ICMP	569	569	1	4
0.378965139389	TCP	253	40	2	4
7.84284687042	ICMP	457	457	1	5
0.203117132187	TCP	870	40	2	7
4.52443385124	UDP	392	420	1	6
18.3206291199	TCP	376	40	1	1
5.83864116669	ICMP	283	283	1	4
2.11935901642	ICMP	359	359	1	3
2.18467712402	TCP	271	40	1	4
13.0397789478	ICMP	600	600	1	3
0.205122947693	UDP	786	576	2	3
4.35925292969	TCP	593	40	1	3
2.78996706009	TCP	86	40	1	4
13.8394739628	UDP	60	88	1	3
0.226804971695	UDP	671	576	2	7
0.11999797821	ICMP	37	37	2	6
0.222050905228	TCP	193	40	2	2
5.48962807655	TCP	705	40	1	5
2.68995404243	TCP	155	40	1	3
11.4889199734	TCP	825	40	1	1
6.83961391449	ICMP	410	410	1	1
0.228943824768	TCP	531	40	2	4
4.07153296471	UDP	712	576	1	5
3.00580692291	UDP	49	77	1	3
0.0962860584259	ICMP	505	505	2	2
0.443032979965	UDP	374	402	2	2
13.5347099304	ICMP	194	194	1	4
2.43633294106	TCP	395	40	1	3
0.113681077957	ICMP	144	144	2	2
9.44275093079	TCP	151	40	1	3
0.189184904099	ICMP	371	371	2	2
17.6174039841	UDP	147	175	1	3
8.80545091629	UDP	699	576	1	3
12.3997650146	TCP	440	40	1	2
0.642263174057	TCP	521	40	2	5
6.66882896423	TCP	868	40	1	1
7.12967014313	TCP	436	40	1	4
14.2687649727	TCP	1175	40	1	3
0.209125041962	ICMP	690	690	2	6
0.979974985123	UDP	664	576	2	2
9.80955982208	TCP	125	40	1	1
0.199373006821	TCP	531	40	2	2
3.19566392899	ICMP	56	56	1	4
3.37479090691	TCP	171	40	1	5
0.676904201508	UDP	200	228	2	4
0.135342121124	ICMP	102	102	2	6
0.290197134018	UDP	768	576	2	2
2.49977016449	TCP	267	40	1	3
3.84896206856	ICMP	235	235	1	4
16.2097930908	TCP	844	40	1	1
3.4117538929	TCP	280	40	1	2
0.638955116272	UDP	336	364	2	6
0.117185115814	ICMP	434	434	2	6
4.54169797897	ICMP	100	100	1	6
0.753732919693	ICMP	630	630	2	6
2.21031999588	ICMP	543	543	1	4
0.859222888947	TCP	612	40	2	4
4.14166212082	TCP	931	40	1	5
2.50109291077	ICMP	266	266	1	2
6.69389295578	TCP	169	40	1	1
1.55635404587	UDP	410	438	2	6
2.19108986855	UDP	838	576	1	3
16.5001008511	TCP	1251	40	1	2
0.445271015167	ICMP	602	602	2	2
3.24274110794	TCP	1118	40	1	3
2.4295270443	TCP	944	40	1	3
0.652123212814	TCP	121	40	2	2
3.74851799011	TCP	579	40	1	3
4.79996705055	TCP	259	40	1	6
2.49887299538	TCP	774	40	1	1
0.180297851562	TCP	464	40	2	5
0.230193138123	ICMP	220	220	2	2
0.103754997253	TCP	152	40	2	4
0.499038934708	ICMP	421	421	2	9
2.14104294777	TCP	1166	40	1	3
10.8998241425	ICMP	660	660	1	6
2.39862918854	TCP	807	40	1	3
0.829035997391	TCP	265	40	2	8
2.7312040329	TCP	470	40	1	5
0.21506690979	TCP	710	40	2	4
8.79189610481	UDP	969	576	1	2
0.232904195786	ICMP	365	365	2	9
0.260780096054	ICMP	723	723	2	4
17.3125109673	UDP	559	576	1	2
3.80983519554	UDP	178	206	1	3
1.62989807129	ICMP	181	181	2	6
1.88087701797	TCP	228	40	2	6
0.191433906555	ICMP	68	68	2	6
0.142349004745	TCP	636	40	2	2
15.3452458382	UDP	988	576	1	1
12.5894930363	ICMP	468	468	1	1
0.209446907043	TCP	593	40	2	6
6.35701704025	ICMP	313	313	1	2
4.85978507996	TCP	421	40	1	5
2.05972599983	UDP	74	102	1	2
14.04936409	ICMP	538	538	1	2
0.185492992401	ICMP	377	377	2	2
3.62369203568	UDP	882	576	1	1
0.224238157272	TCP	1333	40	2	5
0.224086046219	UDP	403	431	2	4
4.57982087135	UDP	805	576	1	1
0.1717441082	TCP	586	40	2	2
4.27283596992	UDP	649	576	1	5
4.36951208115	TCP	1015	40	1	6
0.236973047256	TCP	870	40	2	2
0.121611118317	ICMP	421	421	2	5
1.04894304276	ICMP	425	425	2	4
19.8801910877	UDP	252	280	1	2
1.12958717346	UDP	818	576	2	2
2.0601670742	TCP	217	40	1	2
14.6788930893	ICMP	683	683	1	1
0.184912919998	UDP	386	414	2	4
9.97916793823	TCP	325	40	1	4
9.21499800682	UDP	785	576	1	2
4.70009303093	UDP	445	473	1	1
10.0609340668	ICMP	283	283	1	3
6.4192199707	TCP	921	40	1	2
0.241904973984	TCP	883	40	2	3
3.17998194695	TCP	1310	40	1	5
0.829020023346	UDP	692	576	2	4
2.59945583344	TCP	911	40	1	4
0.101657867432	TCP	335	40	2	4
0.13384604454	ICMP	727	727	2	2
0.100358963013	TCP	1333	40	2	4
17.5294671059	TCP	134	40	1	2
0.319683074951	UDP	389	417	2	7
0.225245952606	ICMP	279	279	2	3
0.319314002991	ICMP	660	660	2	4
0.384412050247	UDP	758	576	2	2
1.62099099159	TCP	524	40	2	7
0.101138114929	TCP	1130	40	2	2
0.261787176132	TCP	734	40	2	6
2.90906095505	ICMP	311	311	1	4
0.217932224274	UDP	994	576	2	4
1.5174279213	TCP	1026	40	2	3
1.86002492905	UDP	959	576	2	5
0.510148048401	TCP	1099	40	2	6
2.92988085747	UDP	403	431	1	3
4.18974781036	TCP	520	40	1	4
0.274946928024	ICMP	719	719	2	2
0.341606855392	ICMP	289	289	2	4
4.269272089	TCP	675	40	1	4
0.223782062531	TCP	124	40	2	4
0.184766054153	ICMP	545	545	2	6
0.449502944946	UDP	910	576	2	4
19.6691999435	TCP	153	40	1	4
0.226688861847	UDP	724	576	2	5
5.21687293053	TCP	972	40	1	5
4.62531995773	TCP	886	40	1	3
4.45019006729	TCP	210	40	1	2
0.225774049759	ICMP	29	29	2	4
1.74899101257	TCP	1008	40	2	3
3.34261894226	TCP	784	40	1	5
0.144292116165	TCP	1138	40	2	2
1.78428483009	TCP	1229	40	2	3
3.13894891739	TCP	1087	40	1	3
0.126888036728	TCP	975	40	2	2
1.82291603088	UDP	908	576	2	4
4.3725001812	TCP	482	40	1	3
1.78520083427	TCP	889	40	2	5
1.11536598206	ICMP	551	551	2	4
4.76912808418	TCP	727	40	1	2
4.3769929409	TCP	420	40	1	5
1.79436993599	UDP	287	315	2	5
12.4903841019	TCP	1078	40	1	3
3.26028108597	TCP	684	40	1	4
0.226376056671	UDP	849	576	2	2
12.5102851391	UDP	162	190	1	1
9.66078281403	ICMP	102	102	1	1
0.524478912354	TCP	457	40	2	4
4.29691505432	ICMP	51	51	1	3
0.123015165329	ICMP	727	727	2	4
0.22545003891	ICMP	563	563	2	5
0.262233018875	ICMP	593	593	2	6
2.49017500877	UDP	246	274	1	4
0.335355043411	TCP	543	40	2	2
3.15358996391	TCP	950	40	1	2
8.90362286568	TCP	129	40	1	1
0.140818119049	TCP	709	40	2	5
0.123018980026	ICMP	570	570	2	2
0.199834823608	ICMP	471	471	2	10
0.305788040161	TCP	838	40	2	5
3.15282988548	TCP	113	40	1	3
0.283763170242	TCP	851	40	2	4
5.48948502541	TCP	1320	40	1	1
0.22542309761	TCP	683	40	2	4
0.729351997375	TCP	258	40	2	3
0.234011888504	TCP	1241	40	2	2
1.06937718391	UDP	828	576	2	3
4.03148603439	UDP	981	576	1	4
13.8708720207	ICMP	235	235	1	5
0.709452867508	TCP	1298	40	2	8
15.7536680698	UDP	880	576	1	2
5.75464892387	ICMP	647	647	1	3
3.69988703728	TCP	609	40	1	3
7.44871401787	TCP	1093	40	1	3
2.307751894	TCP	747	40	1	4
2.00406694412	TCP	569	40	1	1
17.679735899	ICMP	209	209	1	6
4.39014005661	ICMP	339	339	1	2
12.3233060837	TCP	976	40	1	4
0.107630968094	TCP	282	40	2	2
3.85557293892	ICMP	557	557	1	1
0.119720935822	TCP	60	40	2	2
3.7573568821	ICMP	428	428	1	2
0.21348118782	TCP	614	40	2	4
3.53747320175	TCP	355	40	1	2
1.81939315796	UDP	770	576	2	3
4.72255921364	ICMP	538	538	1	2
8.36753606796	UDP	594	576	1	2
0.224794149399	ICMP	229	229	2	6
0.379696846008	TCP	67	40	2	4
18.595192194	TCP	86	40	1	2
9.74938011169	TCP	432	40	1	3
5.99996900558	UDP	519	547	1	2
9.43238902092	TCP	788	40	1	4
11.2360079288	ICMP	657	657	1	1
1.04948306084	UDP	906	576	2	6
0.244919061661	UDP	452	480	2	9
4.29825687408	TCP	292	40	1	2
0.225428819656	ICMP	658	658	2	6
5.75349187851	ICMP	336	336	1	2
0.389026165009	ICMP	270	270	2	3
4.77949905396	TCP	250	40	1	4
0.856338024139	TCP	1185	40	2	2
2.57801413536	UDP	668	576	1	2
1.8292028904	UDP	847	576	2	3
4.35207080841	TCP	836	40	1	3
0.299273014069	TCP	1084	40	2	2
0.222565889359	ICMP	38	38	2	3
2.03940701485	TCP	650	40	1	4
0.217606067657	ICMP	123	123	2	6
0.209733009338	ICMP	263	263	2	6
2.69114303589	TCP	356	40	1	5
0.720881938934	UDP	690	576	2	5
5.84725189209	ICMP	542	542	1	2
2.75839519501	TCP	377	40	1	4
5.58125305176	UDP	996	576	1	2
0.199354887009	ICMP	321	321	2	6
3.80065512657	TCP	714	40	1	2
4.34649610519	TCP	928	40	1	2
0.2386739254	ICMP	284	284	2	4
19.7299129963	TCP	59	40	1	1
17.9091968536	TCP	457	40	1	5
0.220554113388	TCP	227	40	2	4
0.220335960388	TCP	1205	40	2	4
0.209161996841	TCP	302	40	2	4
3.63223195076	UDP	973	576	1	2
15.619866848	ICMP	590	590	1	4
0.226202011108	TCP	822	40	2	4
16.1949219704	UDP	948	576	1	4
0.209352016449	TCP	799	40	2	5
0.354122161865	TCP	188	40	2	8
4.01962900162	UDP	537	565	1	5
0.101301908493	TCP	495	40	2	2
4.37278103828	TCP	804	40	1	2
0.222059011459	UDP	930	576	2	2
0.102627038956	ICMP	122	122	2	4
0.243270874023	ICMP	418	418	2	4
3.51335000992	ICMP	421	421	1	3
0.232241153717	TCP	142	40	2	6
0.181384086609	ICMP	143	143	2	4
0.209209918976	TCP	553	40	2	2
7.15735578537	TCP	76	40	1	2
0.729151964188	TCP	1120	40	2	4
0.221506118774	ICMP	706	706	2	5
1.53984689713	ICMP	214	214	2	3
17.1493780613	TCP	1325	40	1	3
0.275999069214	ICMP	444	444	2	7
1.9099509716	ICMP	363	363	2	4
4.74633312225	TCP	896	40	1	5
15.1801700592	TCP	437	40	1	2
0.225698947906	ICMP	420	420	2	2
0.126076936722	TCP	514	40	2	8
1.19296598434	ICMP	647	647	2	3
3.90108585358	UDP	158	186	1	4
20.2969009876	TCP	375	40	1	3
0.159649133682	TCP	123	40	2	10
0.225790977478	ICMP	47	47	2	2
2.15956401825	UDP	1023	576	1	2
0.21132683754	TCP	463	40	2	2
0.379239082336	ICMP	313	313	2	4
0.122148036957	TCP	1018	40	2	2
0.111909866333	ICMP	368	368	2	2
15.6448881626	ICMP	391	391	1	2
0.942664861679	TCP	925	40	2	4
0.201268911362	TCP	221	40	2	6
0.127032995224	ICMP	643	643	2	6
5.74984788895	ICMP	697	697	1	2
1.17201280594	ICMP	659	659	2	4
2.13917899132	ICMP	698	698	1	3
1.52775001526	ICMP	546	546	2	3
0.198651075363	TCP	799	40	2	4
2.48528885841	ICMP	249	249	1	2
0.221710205078	TCP	826	40	2	4
16.7631847858	ICMP	111	111	1	4
2.52786207199	TCP	860	40	1	5
9.79943609238	TCP	683	40	1	1
5.52603006363	UDP	296	324	1	2
0.882107973099	TCP	1108	40	2	4
0.237802028656	UDP	63	91	2	4
3.33898997307	TCP	1078	40	1	2
0.341192960739	TCP	109	40	2	4
0.791081905365	ICMP	384	384	2	5
0.207943916321	ICMP	135	135	2	2
0.229715824127	TCP	503	40	2	4
15.4614210129	TCP	1272	40	1	3
6.45802688599	TCP	844	40	1	3
0.226470947266	TCP	999	40	2	2
3.30302882195	TCP	885	40	1	2
0.223064899445	UDP	314	342	2	4
0.348031997681	ICMP	133	133	2	6
4.25947999954	ICMP	174	174	1	4
12.0562398434	ICMP	526	526	1	5
0.205300092697	TCP	1055	40	2	4
0.913707017899	ICMP	94	94	2	2
3.18994808197	TCP	906	40	1	2
4.07760286331	UDP	420	448	1	4
0.213896989822	TCP	756	40	2	2
19.2192621231	TCP	1165	40	1	2
4.12985706329	UDP	488	516	1	4
1.66698694229	ICMP	390	390	2	3
17.180216074	ICMP	400	400	1	2
17.5252919197	ICMP	209	209	1	3
0.102868080139	ICMP	592	592	2	2
0.285000085831	TCP	1003	40	2	4
15.8495910168	TCP	41	40	1	3
3.55991697311	ICMP	604	604	1	4
2.30244207382	ICMP	63	63	1	5
1.23805809021	UDP	812	576	2	5
2.20380687714	TCP	212	40	1	4
12.2896940708	TCP	1114	40	1	2
1.11514306068	ICMP	421	421	2	5
19.3893389702	TCP	1194	40	1	2
12.5267658234	ICMP	250	250	1	4
3.94004201889	TCP	238	40	1	2
19.0993590355	TCP	516	40	1	4
9.41937994957	ICMP	656	656	1	1
2.2677590847	TCP	225	40	1	3
1.09830498695	TCP	622	40	2	5
0.355904102325	TCP	942	40	2	7
15.7158150673	TCP	559	40	1	2
0.202205181122	TCP	230	40	2	2
4.61272215843	TCP	642	40	1	3
0.191370010376	TCP	788	40	2	3
0.322077989578	TCP	931	40	2	6
0.107647895813	TCP	985	40	2	3
5.26633000374	TCP	630	40	1	1
2.52769589424	TCP	844	40	1	2
15.6696350574	TCP	997	40	1	2
0.245424985886	ICMP	677	677	2	3
4.81238222122	UDP	893	576	1	3
0.130828857422	TCP	448	40	2	4
0.649464130402	ICMP	190	190	2	5
0.102671146393	ICMP	512	512	2	4
4.82344198227	ICMP	552	552	1	6
4.47954893112	UDP	970	576	1	2
14.0099899769	TCP	366	40	1	4
1.03989601135	ICMP	348	348	2	3
10.8415279388	UDP	805	576	1	1
19.386441946	TCP	58	40	1	3
0.104829072952	TCP	459	40	2	4
0.096086025238	ICMP	279	279	2	4
17.4926350117	UDP	940	576	1	4
0.300317049026	ICMP	182	182	2	5
0.288480043411	TCP	350	40	2	4
0.102324962616	TCP	280	40	2	6
0.221614837646	UDP	174	202	2	2
4.03962302208	TCP	363	40	1	1
0.101459026337	TCP	1113	40	2	8
0.0893650054932	ICMP	717	717	2	2
4.08536100388	TCP	615	40	1	2
6.41519999504	ICMP	219	219	1	1
4.54454708099	TCP	288	40	1	3
3.97853899002	ICMP	359	359	1	4
0.42069196701	ICMP	591	591	2	2
0.129747867584	UDP	642	576	2	6
14.4468109608	TCP	1149	40	1	3
18.2498619556	ICMP	159	159	1	3
0.336585044861	ICMP	85	85	2	4
0.150294065475	TCP	744	40	2	2
4.57976698875	UDP	834	576	1	3
4.67348408699	TCP	643	40	1	3
0.130616903305	TCP	996	40	2	4
2.65280604362	ICMP	283	283	1	3
10.7293431759	ICMP	390	390	1	5
2.56918406487	TCP	483	40	1	4
16.2692329884	ICMP	63	63	1	2
2.39487814903	TCP	554	40	1	3
11.9001829624	TCP	662	40	1	1
0.846475124359	ICMP	672	672	2	2
3.47421503067	TCP	240	40	1	4
0.30996799469	ICMP	724	724	2	5
9.28084802628	ICMP	300	300	1	3
0.247213840485	TCP	1156	40	2	4
0.135342121124	UDP	1009	576	2	4
3.82572293282	TCP	711	40	1	3
3.74053788185	TCP	494	40	1	1
11.7197680473	UDP	695	576	1	4
11.4697778225	UDP	427	455	1	3
3.88131093979	UDP	709	576	1	2
3.91882014275	UDP	34	62	1	6
16.0799379349	TCP	375	40	1	2
2.08940911293	ICMP	644	644	1	5
3.08182477951	TCP	1237	40	1	2
0.793300151825	TCP	204	40	2	2
4.04137802124	ICMP	684	684	1	3
0.225733041763	UDP	1000	576	2	2
10.6571059227	TCP	734	40	1	4
9.89441609383	UDP	868	576	1	1
7.45034694672	TCP	1287	40	1	3
3.76975798607	TCP	614	40	1	4
4.05091190338	ICMP	302	302	1	6
2.92627692223	TCP	133	40	1	5
0.12903881073	ICMP	672	672	2	2
12.8211610317	ICMP	231	231	1	5
4.31941103935	TCP	975	40	1	2
0.229140996933	TCP	1050	40	2	2
4.27522397041	UDP	931	576	1	3
3.42688894272	ICMP	145	145	1	2
0.220084190369	ICMP	583	583	2	9
0.121092796326	TCP	535	40	2	3
5.46143317223	TCP	307	40	1	2
0.208899974823	TCP	751	40	2	4
0.212070941925	ICMP	170	170	2	4
1.37788486481	UDP	841	576	2	4
0.200272083282	ICMP	460	460	2	2
5.98760008812	TCP	1213	40	1	1
0.762571811676	TCP	139	40	2	5
0.227543115616	ICMP	661	661	2	3
19.3391280174	TCP	1281	40	1	3
0.181866884232	ICMP	110	110	2	2
0.243282079697	UDP	236	264	2	4
0.110930919647	ICMP	275	275	2	3
1.87696409225	ICMP	166	166	2	4
2.68985414505	UDP	278	306	1	3
17.6407818794	UDP	106	134	1	5
11.1054890156	TCP	1199	40	1	1
0.260096788406	TCP	417	40	2	6
6.14477586746	TCP	828	40	1	5
13.1397240162	UDP	689	576	1	2
4.942456007	TCP	222	40	1	3
0.103574991226	ICMP	507	507	2	4
0.22687792778	UDP	90	118	2	3
0.18767786026	ICMP	41	41	2	4
0.209122180939	ICMP	415	415	2	4
0.209001064301	TCP	1119	40	2	3
0.124527931213	TCP	251	40	2	4
2.47881507874	TCP	1319	40	1	1
8.12682318687	ICMP	272	272	1	4
0.1895840168	TCP	173	40	2	2
16.0995700359	UDP	511	539	1	2
0.859575986862	ICMP	658	658	2	5
0.237715005875	ICMP	580	580	2	2
0.957260131836	UDP	838	576	2	4
20.1003928185	TCP	489	40	1	2
13.5264589787	ICMP	283	283	1	3
3.40120005608	TCP	800	40	1	5
0.132616043091	UDP	246	274	2	2
9.58039999008	TCP	404	40	1	3
19.465763092	TCP	539	40	1	5
14.981014967	TCP	278	40	1	3
0.0998229980469	ICMP	180	180	2	2
0.119779109955	ICMP	430	430	2	4
0.923062086105	ICMP	120	120	2	4
0.20903801918	TCP	1013	40	2	7
1.01219296455	UDP	853	576	2	4
2.72992706299	UDP	967	576	1	1
0.137253046036	TCP	643	40	2	4
2.37839913368	TCP	671	40	1	1
1.95259404182	ICMP	240	240	2	5
0.181263208389	ICMP	223	223	2	4
14.2425029278	UDP	218	246	1	3
0.269944906235	ICMP	64	64	2	4
0.235756874084	TCP	972	40	2	4
6.45386695862	UDP	746	576	1	3
10.3069200516	TCP	273	40	1	2
0.229439973831	ICMP	232	232	2	8
11.1113331318	TCP	76	40	1	3
8.67994594574	UDP	539	567	1	3
19.3775517941	TCP	51	40	1	2
0.336491823196	ICMP	341	341	2	3
19.7997820377	UDP	184	212	1	5
19.2997660637	ICMP	250	250	1	4
20.1554238796	UDP	123	151	1	3
4.88930988312	ICMP	606	606	1	2
4.01957392693	TCP	501	40	1	4
2.84270000458	TCP	348	40	1	6
9.36286401749	TCP	159	40	1	1
0.215501070023	TCP	61	40	2	8
0.226123094559	TCP	442	40	2	4
1.32629990578	ICMP	304	304	2	3
1.04436302185	ICMP	170	170	2	6
10.6606829166	TCP	750	40	1	3
9.78207683563	UDP	975	576	1	2
19.9405889511	UDP	266	294	1	3
0.220962047577	ICMP	220	220	2	8
0.162682056427	ICMP	548	548	2	3
0.121155977249	ICMP	230	230	2	2
0.281280040741	TCP	907	40	2	9
3.81989312172	TCP	330	40	1	4
1.93981790543	UDP	266	294	2	2
14.4908249378	TCP	891	40	1	3
1.33805608749	TCP	77	40	2	3
0.133488893509	UDP	905	576	2	6
5.50011014938	TCP	166	40	1	4
5.11993694305	ICMP	335	335	1	4
0.107855081558	UDP	532	560	2	6
0.112434148788	TCP	141	40	2	2
3.16162705421	ICMP	701	701	1	1
2.93949007988	TCP	125	40	1	3
17.307311058	TCP	997	40	1	1
2.65924406052	ICMP	560	560	1	2
1.86428308487	TCP	1205	40	2	4
0.350147008896	TCP	802	40	2	4
2.73024487495	TCP	169	40	1	3
9.9495408535	UDP	881	576	1	3
17.259649992	TCP	176	40	1	3
10.8884210587	ICMP	54	54	1	4
0.596029043198	TCP	1173	40	2	12
17.2495138645	TCP	162	40	1	1
2.89005589485	UDP	815	576	1	3
0.279283046722	TCP	870	40	2	2
3.74984788895	ICMP	612	612	1	4
0.143563985825	ICMP	205	205	2	10
1.61929988861	UDP	853	576	2	4
12.1001360416	TCP	1231	40	1	3
1.99862790108	TCP	722	40	2	5
0.203682184219	TCP	1218	40	2	5
0.208956956863	ICMP	673	673	2	5
0.236577987671	TCP	373	40	2	3
0.28161907196	TCP	442	40	2	7
0.124661922455	ICMP	635	635	2	5
0.209136009216	TCP	569	40	2	4
4.57892894745	TCP	1312	40	1	3
12.8767819405	ICMP	457	457	1	3
0.349647045135	ICMP	385	385	2	7
12.7594320774	TCP	1177	40	1	1
0.81901717186	TCP	1169	40	2	5
0.126755952835	ICMP	124	124	2	6
15.0854389668	ICMP	307	307	1	4
0.119696855545	TCP	127	40	2	6
0.208950996399	ICMP	332	332	2	4
15.1535539627	TCP	366	40	1	3
0.33585691452	ICMP	276	276	2	5
0.102483034134	UDP	238	266	2	4
16.5592558384	ICMP	142	142	1	2
0.115508079529	TCP	226	40	2	6
0.209059000015	ICMP	326	326	2	3
0.115013837814	ICMP	488	488	2	4
13.5108880997	UDP	485	513	1	5
0.664898872375	ICMP	278	278	2	2
0.225023031235	UDP	32	60	2	4
8.10480189323	TCP	66	40	1	3
0.369839906693	UDP	521	549	2	4
0.77974486351	TCP	806	40	2	3
0.76957988739	TCP	1180	40	2	2
3.02898311615	TCP	984	40	1	6
4.28582406044	ICMP	216	216	1	2
0.341715097427	ICMP	534	534	2	5
4.34953093529	TCP	1039	40	1	3
0.225997924805	TCP	1303	40	2	8
3.60044908524	UDP	124	152	1	1
4.18772816658	ICMP	339	339	1	4
11.5075910091	ICMP	390	390	1	2
17.2913501263	TCP	46	40	1	4
7.29690790176	UDP	709	576	1	2
2.3590760231	UDP	717	576	1	2
2.2690808773	TCP	1286	40	1	6
1.15900301933	ICMP	681	681	2	3
0.239577054977	TCP	185	40	2	3
0.772573947906	UDP	612	576	2	4
0.729296922684	TCP	141	40	2	2
0.77411699295	TCP	945	40	2	3
0.599189043045	TCP	478	40	2	11
0.739516019821	TCP	597	40	2	4
3.97051787376	UDP	725	576	1	2
1.83595705032	TCP	584	40	2	3
0.930021047592	TCP	560	40	2	2
6.26610898972	ICMP	661	661	1	6
0.223000049591	ICMP	58	58	2	4
12.8207571507	TCP	521	40	1	2
0.204406023026	TCP	1309	40	2	6
12.1472170353	UDP	595	576	1	4
0.199990034103	UDP	445	473	2	4
0.654201984406	UDP	158	186	2	5
4.30073404312	TCP	1233	40	1	3
0.174312114716	UDP	903	576	2	2
0.299412965775	UDP	575	576	2	6
15.7056798935	TCP	755	40	1	3
4.78970694542	TCP	339	40	1	3
0.199049949646	TCP	245	40	2	9
12.3236949444	UDP	695	576	1	4
0.211113929749	ICMP	146	146	2	3
0.339640855789	ICMP	565	565	2	2
1.94931292534	ICMP	590	590	2	4
14.1000299454	TCP	382	40	1	1
14.9095928669	TCP	138	40	1	5
3.93968391418	UDP	282	310	1	2
12.4921550751	TCP	1263	40	1	1
1.64982199669	UDP	270	298	2	6
0.250512123108	TCP	503	40	2	2
0.168681144714	TCP	988	40	2	6
1.41351604462	TCP	1035	40	2	3
0.337389945984	UDP	198	226	2	4
3.68874406815	UDP	177	205	1	6
3.8827059269	TCP	1005	40	1	5
16.5100638866	TCP	302	40	1	3
2.28495192528	TCP	645	40	1	1
0.117356061935	TCP	443	40	2	2
20.1522359848	TCP	189	40	1	1
3.39148402214	ICMP	181	181	1	3
10.7492120266	TCP	736	40	1	3
5.68911886215	ICMP	442	442	1	3
17.642747879	TCP	410	40	1	5
3.68574094772	TCP	1317	40	1	2
4.23903393745	TCP	1036	40	1	6
0.199131965637	UDP	546	574	2	4
10.5888290405	ICMP	447	447	1	2
19.9698159695	ICMP	665	665	1	3
0.234151124954	UDP	359	387	2	2
0.12534403801	UDP	819	576	2	2
0.226102113724	UDP	463	491	2	2
4.56126594543	TCP	977	40	1	4
19.750838995	TCP	435	40	1	2
7.90037584305	TCP	1301	40	1	4
0.139816999435	UDP	392	420	2	4
2.52835679054	ICMP	422	422	1	2
18.1730899811	ICMP	300	300	1	4
0.239873170853	TCP	151	40	2	2
0.227685928345	TCP	473	40	2	4
15.7193520069	TCP	1113	40	1	3
2.5837430954	ICMP	254	254	1	3
4.61681079865	TCP	870	40	1	2
0.129498004913	TCP	840	40	2	6
2.20888996124	TCP	764	40	1	3
4.07039499283	TCP	579	40	1	1
1.71923804283	TCP	1194	40	2	4
0.258587121964	ICMP	211	211	2	2
2.22466397285	ICMP	375	375	1	4
0.12987112999	ICMP	93	93	2	6
18.7880737782	TCP	812	40	1	4
1.53076815605	TCP	474	40	2	2
20.4391729832	ICMP	206	206	1	8
12.4289371967	TCP	958	40	1	6
0.349964141846	ICMP	66	66	2	4
0.189875125885	TCP	288	40	2	4
0.211358070374	ICMP	89	89	2	6
3.90617704391	TCP	200	40	1	5
1.94999814034	TCP	176	40	2	6
16.5001561642	UDP	376	404	1	5
0.199599027634	TCP	280	40	2	6
1.31339406967	TCP	693	40	2	4
3.55920100212	ICMP	565	565	1	2
0.702166080475	TCP	865	40	2	3
1.75723004341	TCP	1312	40	2	6
4.76943302155	TCP	937	40	1	5
15.2489960194	ICMP	667	667	1	2
1.74850893021	TCP	189	40	2	3
0.0929970741272	TCP	199	40	2	8
4.74377393723	TCP	64	40	1	2
4.63589882851	TCP	436	40	1	1
2.21344518661	UDP	931	576	1	4
0.749580860138	UDP	867	576	2	3
3.93063092232	TCP	1234	40	1	3
2.06085801125	TCP	1052	40	1	4
4.81422901154	UDP	450	478	1	3
10.5780580044	ICMP	586	586	1	3
0.218408823013	TCP	516	40	2	3
11.149725914	TCP	81	40	1	2
12.9903411865	UDP	567	576	1	1
19.5339710712	TCP	479	40	1	2
2.77460002899	UDP	497	525	1	2
1.92085909843	ICMP	66	66	2	3
4.54896593094	TCP	769	40	1	7
0.274896860123	UDP	92	120	2	3
0.120157957077	TCP	233	40	2	5
4.31782603264	ICMP	523	523	1	5
4.61663389206	TCP	789	40	1	5
12.7817840576	TCP	558	40	1	3
15.6474020481	TCP	288	40	1	4
15.3695549965	ICMP	575	575	1	1
9.70653104782	TCP	865	40	1	4
10.6897211075	ICMP	274	274	1	3
0.225295066833	TCP	111	40	2	6
1.98419213295	TCP	907	40	2	3
2.14893817902	TCP	305	40	1	5
0.179961204529	ICMP	386	386	2	2
0.189045906067	TCP	296	40	2	2
16.581264019	ICMP	493	493	1	2
17.8277988434	ICMP	219	219	1	4
1.0498020649	TCP	452	40	2	3
0.528373003006	TCP	249	40	2	5
2.26016116142	UDP	601	576	1	3
3.97331213951	ICMP	239	239	1	3
0.719285011292	ICMP	607	607	2	7
1.91086816788	UDP	602	576	2	2
4.51514601707	TCP	501	40	1	2
0.299503087997	UDP	670	576	2	5
12.2588610649	TCP	1112	40	1	4
3.35902118683	TCP	515	40	1	4
1.0029861927	TCP	340	40	2	2
3.68003988266	UDP	810	576	1	5
0.949043035507	TCP	1267	40	2	3
0.176134824753	ICMP	198	198	2	2
0.242944002151	UDP	344	372	2	2
3.90967512131	TCP	201	40	1	2
1.98212003708	TCP	320	40	2	6
0.602305173874	TCP	450	40	2	5
0.619938135147	UDP	972	576	2	9
0.279101848602	ICMP	641	641	2	4
0.229351997375	ICMP	115	115	2	4
0.120543003082	UDP	517	545	2	6
8.45886516571	ICMP	442	442	1	3
0.864263057709	UDP	296	324	2	7
17.9779748917	ICMP	114	114	1	3
11.4094948769	TCP	968	40	1	3
1.53426003456	UDP	157	185	2	2
1.89214086533	TCP	1061	40	2	3
3.25991415977	UDP	742	576	1	3
2.19196987152	UDP	292	320	1	2
0.339513063431	TCP	476	40	2	2
1.82954692841	ICMP	375	375	2	4
0.144940137863	TCP	981	40	2	3
0.223342895508	TCP	57	40	2	7
0.745871067047	ICMP	296	296	2	4
0.750131130219	ICMP	546	546	2	2
7.2656109333	TCP	939	40	1	4
0.107498884201	TCP	197	40	2	4
19.8138608932	ICMP	511	511	1	2
0.225440979004	ICMP	271	271	2	4
10.9290788174	TCP	614	40	1	3
0.222481012344	UDP	73	101	2	4
4.91632699966	ICMP	665	665	1	4
4.66399598122	TCP	755	40	1	1
0.409607172012	UDP	705	576	2	4
0.230052947998	ICMP	469	469	2	8
0.109024047852	TCP	1094	40	2	3
2.72431612015	UDP	947	576	1	2
0.208999872208	TCP	646	40	2	3
6.66673898697	UDP	461	489	1	3
0.203537225723	ICMP	610	610	2	8
0.11823797226	UDP	255	283	2	4
0.200392007828	UDP	363	391	2	3
0.559974193573	TCP	1283	40	2	4
0.741636991501	ICMP	327	327	2	3
4.29511499405	TCP	641	40	1	4
2.86056017876	TCP	264	40	1	3
2.2898979187	UDP	452	480	1	3
0.7769510746	UDP	868	576	2	3
1.97046017647	UDP	819	576	2	3
0.238237857819	TCP	83	40	2	6
2.04048681259	ICMP	424	424	1	2
0.176769018173	ICMP	380	380	2	6
2.7446141243	TCP	58	40	1	4
0.236765861511	ICMP	518	518	2	10
0.578124046326	UDP	668	576	2	12
0.396986961365	TCP	205	40	2	6
2.0498290062	ICMP	622	622	1	2
0.350011110306	UDP	415	443	2	8
4.03962492943	UDP	174	202	1	2
0.346518039703	TCP	80	40	2	4
6.41506791115	ICMP	145	145	1	1
3.42046499252	TCP	757	40	1	3
3.71667289734	TCP	254	40	1	5
0.187055110931	UDP	567	576	2	6
2.69925498962	ICMP	630	630	1	3
4.19337797165	UDP	70	98	1	4
0.114722967148	ICMP	723	723	2	2
4.19724798203	TCP	777	40	1	4
11.6669611931	UDP	285	313	1	5
13.1235408783	ICMP	694	694	1	3
18.2391798496	TCP	1289	40	1	3
0.270068883896	UDP	448	476	2	2
0.225389003754	ICMP	285	285	2	4
2.2583770752	UDP	517	545	1	3
1.75460481644	UDP	539	567	2	3
4.06052803993	UDP	779	576	1	3
0.22297501564	TCP	880	40	2	4
0.673351049423	ICMP	599	599	2	6
9.47435688972	ICMP	728	728	1	1
0.198534011841	TCP	1264	40	2	7
11.6065208912	ICMP	667	667	1	6
3.51150393486	TCP	247	40	1	2
2.27979016304	TCP	514	40	1	3
7.50048303604	TCP	1180	40	1	3
0.909828901291	TCP	338	40	2	7
4.13447999954	ICMP	163	163	1	3
0.139289140701	TCP	125	40	2	2
0.309394836426	ICMP	399	399	2	6
4.19525504112	TCP	220	40	1	4
0.129869222641	TCP	1200	40	2	4
4.55544686317	UDP	726	576	1	2
0.163064956665	UDP	700	576	2	8
3.26939797401	ICMP	209	209	1	3
3.76142501831	ICMP	211	211	1	3
10.9891209602	TCP	1183	40	1	3
2.9795331955	UDP	403	431	1	2
0.247162103653	ICMP	584	584	2	2
0.226572036743	UDP	467	495	2	8
0.264852046967	UDP	605	576	2	4
0.225834846497	TCP	173	40	2	7
4.86749100685	ICMP	211	211	1	4
0.196567058563	TCP	604	40	2	2
0.631507873535	UDP	78	106	2	2
1.97928190231	ICMP	120	120	2	4
16.9972240925	TCP	1324	40	1	5
0.885185003281	ICMP	540	540	2	2
8.91933321953	ICMP	192	192	1	2
0.264595985413	UDP	885	576	2	3
12.2595551014	ICMP	396	396	1	5
3.15016198158	UDP	608	576	1	3
0.749963998795	TCP	296	40	2	6
0.781657934189	ICMP	709	709	2	5
0.204596996307	ICMP	538	538	2	6
2.98416113853	UDP	952	576	1	1
0.245695114136	UDP	553	576	2	3
20.0796999931	TCP	87	40	1	1
0.301039934158	TCP	688	40	2	2
0.189082860947	UDP	709	576	2	7
3.43949317932	TCP	341	40	1	3
0.199338912964	TCP	503	40	2	7
2.24858212471	TCP	1189	40	1	3
0.254786968231	TCP	1339	40	2	2
12.005769968	ICMP	327	327	1	3
5.44938993454	TCP	192	40	1	1
0.218800067902	TCP	874	40	2	4
2.17662119865	TCP	137	40	1	4
0.21991610527	TCP	1274	40	2	4
1.9755730629	TCP	1259	40	2	3
14.1589419842	UDP	1028	576	1	4
0.132117986679	TCP	631	40	2	6
18.2599179745	ICMP	476	476	1	3
0.249670028687	ICMP	241	241	2	2
4.26532888412	TCP	932	40	1	1
0.153159856796	UDP	938	576	2	2
1.05953383446	UDP	167	195	2	2
0.211651086807	TCP	602	40	2	4
9.43997192383	UDP	268	296	1	4
0.225455999374	ICMP	534	534	2	3
2.78420901299	ICMP	361	361	1	4
0.230535984039	ICMP	728	728	2	4
3.72148489952	TCP	1323	40	1	4
1.5197930336	TCP	1287	40	2	5
4.70961999893	ICMP	105	105	1	2
1.25945591927	TCP	1148	40	2	4
15.9490611553	TCP	326	40	1	2
0.450667858124	TCP	726	40	2	4
2.17066407204	UDP	789	576	1	6
0.254580020905	UDP	225	253	2	7
16.1303160191	TCP	752	40	1	5
0.325232028961	TCP	833	40	2	8
12.6102361679	UDP	694	576	1	1
3.54095387459	ICMP	626	626	1	2
4.85990905762	TCP	280	40	1	7
12.2931640148	ICMP	471	471	1	2
4.23964190483	TCP	546	40	1	1
5.47957110405	TCP	392	40	1	3
3.06952404976	TCP	289	40	1	3
4.00875496864	TCP	1232	40	1	1
4.14938616753	ICMP	557	557	1	6
0.108003854752	TCP	220	40	2	4
0.263331890106	TCP	763	40	2	4
4.5453710556	TCP	1220	40	1	2
1.81893515587	UDP	898	576	2	3
0.108722925186	UDP	462	490	2	2
3.07227492332	ICMP	708	708	1	2
0.819547891617	TCP	766	40	2	5
0.841089010239	ICMP	592	592	2	9
0.230885028839	TCP	962	40	2	7
2.46033382416	UDP	192	220	1	3
5.74859905243	TCP	1064	40	1	3
1.15918207169	TCP	498	40	2	5
0.248314142227	UDP	453	481	2	8
0.188908100128	TCP	824	40	2	9
0.248668909073	ICMP	491	491	2	6
7.03898286819	TCP	886	40	1	3
0.208612918854	ICMP	700	700	2	3
3.32240200043	TCP	1197	40	1	2
2.25881385803	TCP	843	40	1	3
4.23027992249	UDP	840	576	1	3
0.214545965195	ICMP	494	494	2	4
0.228101015091	TCP	638	40	2	3
1.19780611992	ICMP	360	360	2	2
0.226717948914	ICMP	639	639	2	11
4.01240086555	UDP	503	531	1	3
1.25881004333	TCP	1142	40	2	4
2.06403589249	ICMP	477	477	1	4
3.84318304062	TCP	719	40	1	3
5.29604887962	ICMP	351	351	1	3
0.175024032593	TCP	394	40	2	4
4.44759607315	ICMP	351	351	1	6
0.199635028839	TCP	665	40	2	6
0.226224899292	UDP	493	521	2	2
0.22585606575	ICMP	145	145	2	3
0.108258008957	TCP	690	40	2	2
0.336719036102	TCP	178	40	2	4
0.35134601593	ICMP	636	636	2	4
12.9207940102	ICMP	441	441	1	6
0.776459932327	ICMP	406	406	2	10
4.90975093842	UDP	816	576	1	5
6.20028996468	UDP	972	576	1	2
0.213581085205	TCP	101	40	2	6
0.208209037781	TCP	1008	40	2	4
2.03931713104	TCP	1086	40	1	1
0.122242212296	TCP	287	40	2	9
2.6548678875	TCP	953	40	1	3
11.2704510689	TCP	1214	40	1	4
6.87199783325	UDP	991	576	1	5
0.132217884064	ICMP	388	388	2	10
16.5899629593	TCP	279	40	1	2
17.8098239899	UDP	565	576	1	4
5.24944496155	TCP	1219	40	1	1
0.209244966507	TCP	441	40	2	8
3.63008093834	TCP	69	40	1	1
4.85662198067	TCP	149	40	1	2
1.6370909214	TCP	730	40	2	7
0.112264871597	ICMP	562	562	2	2
0.223340034485	TCP	588	40	2	3
3.09814500809	UDP	924	576	1	2
0.13471198082	ICMP	516	516	2	4
0.227005004883	ICMP	692	692	2	7
2.65809702873	ICMP	241	241	1	2
19.0991809368	TCP	323	40	1	3
0.225690126419	ICMP	455	455	2	9
1.20141911507	UDP	272	300	2	4
0.226051092148	TCP	307	40	2	11
0.399495124817	TCP	319	40	2	4
13.4112610817	TCP	756	40	1	1
0.23637509346	TCP	997	40	2	8
0.226943016052	ICMP	399	399	2	2
4.60974383354	TCP	152	40	1	3
4.11891913414	ICMP	474	474	1	4
0.164111852646	TCP	1080	40	2	3
17.2807250023	TCP	841	40	1	5
0.115751981735	ICMP	274	274	2	3
0.220988988876	TCP	925	40	2	2
5.38689517975	UDP	46	74	1	6
4.49228096008	ICMP	712	712	1	5
2.61274218559	TCP	1339	40	1	3
11.312057972	TCP	647	40	1	1
0.0990149974823	TCP	257	40	2	2
0.334294080734	ICMP	487	487	2	6
0.210232019424	TCP	544	40	2	2
3.97520709038	ICMP	426	426	1	2
17.6499829292	TCP	623	40	1	3
13.2101619244	TCP	371	40	1	2
0.167989969254	TCP	445	40	2	4
0.361474990845	TCP	1224	40	2	9
2.17971992493	TCP	138	40	1	3
0.208447933197	TCP	897	40	2	8
19.8999350071	TCP	748	40	1	1
0.135881185532	UDP	1013	576	2	4
0.223712205887	ICMP	721	721	2	2
8.45947909355	TCP	639	40	1	4
17.6096618176	UDP	395	423	1	5
0.189337015152	TCP	625	40	2	4
0.140206813812	TCP	646	40	2	2
0.776604175568	ICMP	107	107	2	5
4.16004109383	TCP	798	40	1	2
3.88955783844	TCP	276	40	1	2
14.2066261768	TCP	1170	40	1	3
0.201610088348	TCP	280	40	2	2
3.25927495956	UDP	818	576	1	2
4.99966096878	UDP	971	576	1	2
0.245630979538	ICMP	660	660	2	2
10.9422740936	TCP	725	40	1	3
0.225284099579	TCP	794	40	2	4
2.80888104439	UDP	116	144	1	2
1.5995349884	UDP	709	576	2	5
17.4363181591	UDP	416	444	1	3
0.281341075897	TCP	595	40	2	2
17.7217180729	TCP	57	40	1	3
0.249647140503	TCP	487	40	2	3
4.21957802773	TCP	322	40	1	4
4.79937791824	TCP	985	40	1	3
5.80943202972	TCP	776	40	1	4
0.19994187355	TCP	580	40	2	2
0.199683904648	UDP	300	328	2	3
18.4214890003	TCP	256	40	1	6
0.657752037048	ICMP	210	210	2	4
2.19266295433	UDP	85	113	1	2
0.570317983627	UDP	407	435	2	5
13.1632988453	TCP	927	40	1	2
12.8110029697	ICMP	723	723	1	4
0.819928884506	ICMP	424	424	2	4
2.81913805008	TCP	1040	40	1	3
12.039509058	ICMP	415	415	1	2
0.338536977768	ICMP	444	444	2	3
0.264014959335	UDP	654	576	2	6
0.199536085129	TCP	358	40	2	4
12.5798470974	UDP	406	434	1	2
12.7427380085	UDP	680	576	1	3
1.04810094833	TCP	165	40	2	4
17.9491510391	ICMP	463	463	1	2
0.376665115356	ICMP	601	601	2	5
0.1119120121	TCP	966	40	2	4
6.63780593872	TCP	665	40	1	4
2.58276605606	TCP	633	40	1	2
0.689994096756	ICMP	381	381	2	2
0.949174880981	TCP	333	40	2	4
0.764359951019	UDP	424	452	2	7
1.99994492531	UDP	192	220	2	6
0.139621973038	ICMP	341	341	2	2
4.36917090416	TCP	857	40	1	2
0.262501001358	ICMP	707	707	2	3
3.66800403595	TCP	801	40	1	1
0.211090087891	ICMP	454	454	2	4
6.17997598648	ICMP	37	37	1	3
18.789965868	UDP	714	576	1	3
2.95397591591	TCP	1153	40	1	4
2.95630717278	UDP	203	231	1	3
11.5144059658	TCP	1013	40	1	3
17.259442091	UDP	35	63	1	3
5.1866080761	TCP	948	40	1	4
0.0989170074463	TCP	1326	40	2	2
0.209315061569	ICMP	451	451	2	6
4.27729105949	TCP	1117	40	1	2
3.36163210869	ICMP	631	631	1	3
3.83925819397	ICMP	366	366	1	4
3.68948912621	TCP	227	40	1	1
0.660300970078	ICMP	640	640	2	2
1.4644010067	TCP	1020	40	2	3
18.5182290077	TCP	1215	40	1	5
3.70987701416	TCP	69	40	1	2
0.31972193718	UDP	441	469	2	3
0.149523019791	ICMP	435	435	2	2
4.3897330761	ICMP	509	509	1	3
0.19921708107	TCP	530	40	2	4
0.145422935486	TCP	453	40	2	2
10.7896649837	TCP	1205	40	1	1
3.56932902336	ICMP	620	620	1	3
4.40995311737	ICMP	391	391	1	3
0.299358844757	TCP	72	40	2	2
3.61535382271	TCP	942	40	1	2
1.92925405502	ICMP	532	532	2	3
19.7699029446	ICMP	607	607	1	5
9.70827794075	TCP	1181	40	1	2
1.82930183411	ICMP	456	456	2	4
0.288811922073	TCP	730	40	2	4
9.35219693184	ICMP	248	248	1	2
2.75857615471	TCP	137	40	1	3
2.74660491943	ICMP	179	179	1	2
0.880089998245	TCP	977	40	2	4
2.04934811592	ICMP	388	388	1	5
0.211029052734	TCP	772	40	2	5
3.62294602394	TCP	732	40	1	3
0.228925943375	ICMP	283	283	2	4
2.90599608421	ICMP	514	514	1	2
0.22340798378	TCP	772	40	2	5
1.42169690132	ICMP	98	98	2	5
5.65766501427	ICMP	62	62	1	2
2.55912995338	ICMP	359	359	1	3
0.173572063446	ICMP	439	439	2	4
1.82876110077	TCP	782	40	2	3
2.85689091682	ICMP	231	231	1	2
5.80015492439	UDP	474	502	1	1
0.227082967758	TCP	427	40	2	4
13.0200719833	ICMP	118	118	1	5
0.22126698494	TCP	322	40	2	2
0.213536024094	UDP	167	195	2	4
0.335150957108	UDP	931	576	2	4
3.13579893112	ICMP	114	114	1	3
2.55323410034	ICMP	602	602	1	4
3.6300330162	TCP	1258	40	1	4
0.618838071823	ICMP	533	533	2	2
3.03434205055	TCP	271	40	1	2
2.41255807877	ICMP	318	318	1	3
19.267373085	UDP	292	320	1	5
17.7120769024	TCP	1275	40	1	4
0.22257900238	TCP	266	40	2	2
1.46872091293	TCP	1103	40	2	4
0.997841835022	ICMP	598	598	2	2
0.239610910416	ICMP	669	669	2	2
0.458581924438	TCP	153	40	2	5
17.3718600273	TCP	470	40	1	4
3.3299870491	TCP	612	40	1	3
0.12948179245	TCP	274	40	2	2
18.9792158604	ICMP	542	542	1	3
3.85610699654	TCP	582	40	1	1
6.48336815834	UDP	701	576	1	2
3.14205121994	UDP	899	576	1	2
0.561366081238	ICMP	684	684	2	10
10.4102809429	ICMP	285	285	1	2
2.13574099541	TCP	942	40	1	2
8.64854311943	TCP	87	40	1	3
0.153097867966	UDP	405	433	2	2
0.208930015564	TCP	895	40	2	5
20.0694539547	TCP	289	40	1	4
0.22557091713	ICMP	563	563	2	6
0.220943927765	TCP	250	40	2	7
0.829705953598	UDP	612	576	2	5
19.5495810509	TCP	638	40	1	4
11.0539519787	TCP	172	40	1	4
1.6185798645	TCP	850	40	2	3
2.82096886635	TCP	1088	40	1	2
0.272902965546	ICMP	688	688	2	4
11.7702331543	TCP	217	40	1	3
0.208760976791	UDP	911	576	2	4
0.40496301651	TCP	639	40	2	4
0.250293016434	ICMP	717	717	2	3
0.119837999344	ICMP	496	496	2	8
2.02947592735	TCP	400	40	1	3
0.171357870102	ICMP	622	622	2	3
3.80994200706	ICMP	54	54	1	3
0.618381977081	TCP	754	40	2	4
0.359905004501	ICMP	309	309	2	2
0.104094028473	TCP	1087	40	2	2
0.225114822388	TCP	859	40	2	2
4.67961096764	UDP	633	576	1	1
0.219282865524	TCP	452	40	2	6
3.18494796753	TCP	1016	40	1	5
0.126971960068	TCP	1041	40	2	5
4.15896105766	ICMP	284	284	1	3
0.321285009384	ICMP	354	354	2	7
2.04916191101	TCP	65	40	1	3
0.239208936691	ICMP	721	721	2	6
2.2605009079	TCP	1247	40	1	3
3.20933794975	ICMP	451	451	1	3
0.263540029526	TCP	1015	40	2	8
0.189745187759	UDP	125	153	2	4
3.54801917076	TCP	1044	40	1	2
3.07133412361	UDP	261	289	1	1
2.30802297592	TCP	727	40	1	5
13.7786879539	TCP	1169	40	1	2
1.17974185944	ICMP	141	141	2	4
0.179583072662	TCP	42	40	2	6
0.114134073257	TCP	845	40	2	2
14.0152549744	TCP	856	40	1	2
0.143244981766	TCP	1106	40	2	6
0.221303939819	UDP	709	576	2	2
10.8621928692	TCP	403	40	1	2
0.221710920334	TCP	1287	40	2	7
2.26935100555	TCP	1142	40	1	2
14.6813719273	ICMP	295	295	1	3
0.41912317276	ICMP	640	640	2	8
0.236711025238	ICMP	169	169	2	4
15.4100260735	TCP	560	40	1	5
0.121420145035	UDP	417	445	2	2
7.70049881935	UDP	230	258	1	1
3.65975594521	TCP	1303	40	1	4
1.67173814774	ICMP	576	576	2	3
0.10521197319	UDP	41	69	2	2
1.05906414986	TCP	905	40	2	4
16.1676790714	TCP	898	40	1	2
8.13476395607	ICMP	136	136	1	3
0.222230911255	TCP	646	40	2	4
1.51272702217	TCP	190	40	2	4
3.48943185806	ICMP	679	679	1	6
15.7093381882	TCP	1308	40	1	3
3.56943392754	TCP	159	40	1	1
0.199393987656	ICMP	445	445	2	4
0.18754696846	TCP	308	40	2	6
1.00660395622	TCP	436	40	2	3
0.204520940781	TCP	1296	40	2	4
4.18966913223	TCP	368	40	1	3
0.191573858261	TCP	953	40	2	6
0.221628904343	TCP	409	40	2	6
3.72994303703	ICMP	620	620	1	5
1.9292140007	TCP	989	40	2	2
0.172075986862	TCP	108	40	2	2
2.07037305832	TCP	573	40	1	5
0.169269800186	ICMP	613	613	2	10
15.8198812008	UDP	883	576	1	3
11.4264559746	ICMP	362	362	1	3
12.569879055	ICMP	456	456	1	2
19.335089922	UDP	843	576	1	3
16.0638420582	TCP	1081	40	1	4
11.0602591038	UDP	286	314	1	3
0.114269018173	TCP	145	40	2	2
2.09860897064	UDP	693	576	1	2
1.89729404449	ICMP	100	100	2	4
8.03472018242	TCP	390	40	1	3
0.940536022186	TCP	1176	40	2	2
0.289173841476	TCP	237	40	2	4
0.1121571064	ICMP	594	594	2	5
19.3470230103	UDP	67	95	1	3
0.748836994171	ICMP	496	496	2	3
3.68955397606	TCP	1008	40	1	3
8.88999700546	ICMP	447	447	1	2
3.12914180756	TCP	783	40	1	3
14.6192681789	ICMP	366	366	1	3
0.226253032684	TCP	145	40	2	6
0.220907926559	TCP	157	40	2	4
4.57885909081	ICMP	109	109	1	3
15.3177149296	UDP	272	300	1	1
0.189514875412	TCP	126	40	2	2
0.343679904938	TCP	1150	40	2	6
1.77969813347	UDP	867	576	2	3
10.9390749931	TCP	661	40	1	4
6.19391703606	TCP	1072	40	1	4
6.12906694412	TCP	492	40	1	1
4.19191598892	ICMP	262	262	1	6
19.193696022	ICMP	668	668	1	1
0.255023002625	TCP	1297	40	2	4
3.42156195641	ICMP	31	31	1	2
3.74000096321	TCP	240	40	1	5
0.253715991974	TCP	333	40	2	2
0.221310853958	ICMP	449	449	2	4
15.3905508518	TCP	395	40	1	5
0.198937892914	ICMP	596	596	2	2
0.201102018356	UDP	816	576	2	8
3.04675507545	UDP	414	442	1	1
5.17753887177	UDP	220	248	1	3
0.208921194077	TCP	1255	40	2	2
0.60006403923	TCP	207	40	2	4
2.10254406929	UDP	1015	576	1	4
2.16253209114	TCP	595	40	1	1
2.73639893532	TCP	572	40	1	3
19.6381061077	ICMP	386	386	1	3
20.3500158787	TCP	477	40	1	4
5.03296804428	TCP	1067	40	1	1
10.6653909683	TCP	836	40	1	3
0.997321128845	TCP	975	40	2	2
11.21833992	UDP	891	576	1	2
0.339395046234	ICMP	340	340	2	4
0.251996040344	UDP	200	228	2	4
0.189270973206	ICMP	446	446	2	2
0.307537078857	TCP	272	40	2	4
1.97492313385	TCP	436	40	2	7
0.359554052353	UDP	420	448	2	2
0.131584882736	ICMP	378	378	2	7
0.599279165268	TCP	633	40	2	3
9.50999808311	TCP	203	40	1	5
4.23990702629	UDP	70	98	1	1
7.90249109268	ICMP	211	211	1	3
0.270058870316	TCP	150	40	2	7
15.4190211296	TCP	64	40	1	5
3.2802760601	UDP	572	576	1	2
14.9491000175	TCP	678	40	1	4
4.26536488533	ICMP	359	359	1	3
0.279858112335	UDP	1013	576	2	4
0.221703052521	UDP	928	576	2	6
4.47903895378	ICMP	208	208	1	3
3.94959402084	TCP	863	40	1	3
0.648838043213	TCP	1057	40	2	13
12.4165861607	UDP	587	576	1	5
5.71165895462	ICMP	85	85	1	2
3.25871300697	ICMP	76	76	1	2
1.11499786377	TCP	139	40	2	3
0.342180013657	UDP	698	576	2	3
8.79709815979	UDP	262	290	1	5
2.39574694633	TCP	503	40	1	3
3.44638395309	ICMP	34	34	1	2
3.15039205551	TCP	1264	40	1	3
1.89238119125	TCP	1207	40	2	6
2.29994010925	ICMP	386	386	1	3
18.1542570591	UDP	826	576	1	3
1.56229496002	UDP	807	576	2	7
4.42575287819	ICMP	562	562	1	8
0.254776000977	UDP	249	277	2	4
2.0657851696	TCP	210	40	1	3
1.71934986115	TCP	169	40	2	6
12.5797731876	ICMP	229	229	1	3
0.229371070862	ICMP	618	618	2	4
9.39854097366	ICMP	304	304	1	4
14.4297671318	UDP	909	576	1	1
0.271049022675	ICMP	575	575	2	2
0.125897169113	TCP	857	40	2	4
19.9791591167	TCP	634	40	1	3
18.0094711781	TCP	599	40	1	2
0.222393035889	TCP	794	40	2	6
0.122453927994	UDP	210	238	2	2
3.24003195763	UDP	164	192	1	2
0.545356035233	TCP	914	40	2	6
0.103299856186	UDP	49	77	2	7
1.97972893715	UDP	706	576	2	2
0.744704008102	TCP	987	40	2	4
20.0024330616	TCP	485	40	1	2
3.31001400948	UDP	791	576	1	4
0.120946884155	TCP	131	40	2	5
16.7556707859	TCP	512	40	1	1
9.06872200966	TCP	763	40	1	3
0.672569990158	TCP	886	40	2	4
1.07503700256	UDP	119	147	2	3
2.11957120895	TCP	150	40	1	3
4.24435305595	TCP	274	40	1	2
0.224971055984	ICMP	51	51	2	7
0.177685976028	TCP	1229	40	2	2
12.965585947	UDP	414	442	1	2
0.133970022202	UDP	611	576	2	2
10.919244051	TCP	896	40	1	3
0.551068067551	UDP	739	576	2	7
0.199651002884	TCP	649	40	2	4
2.35669708252	TCP	518	40	1	4
1.84932589531	TCP	1199	40	2	4
2.27006697655	UDP	291	319	1	1
0.372835874557	TCP	1151	40	2	4
2.84419298172	TCP	964	40	1	3
2.79951310158	ICMP	125	125	1	3
4.87868285179	UDP	812	576	1	3
0.225159883499	TCP	1119	40	2	4
0.216312885284	ICMP	364	364	2	8
14.1681880951	TCP	261	40	1	3
18.6224429607	TCP	1059	40	1	4
14.2921509743	TCP	959	40	1	1
0.23920416832	TCP	1183	40	2	5
0.199410915375	TCP	1123	40	2	6
0.490284919739	TCP	209	40	2	4
1.94990110397	UDP	571	576	2	5
1.65995287895	TCP	1330	40	2	3
17.8624579906	ICMP	551	551	1	3
0.270781040192	TCP	488	40	2	5
0.207519054413	TCP	900	40	2	4
1.93173694611	UDP	617	576	2	5
0.189351081848	ICMP	374	374	2	2
4.43742513657	ICMP	672	672	1	5
17.2532320023	TCP	368	40	1	7
4.40950703621	TCP	404	40	1	5
3.21867609024	UDP	320	348	1	4
19.9974420071	TCP	989	40	1	2
2.16287684441	TCP	552	40	1	4
15.2985639572	UDP	650	576	1	4
4.68923616409	TCP	132	40	1	3
1.54011583328	ICMP	143	143	2	4
7.12879085541	TCP	217	40	1	2
1.74222517014	ICMP	715	715	2	4
0.199105978012	TCP	598	40	2	3
0.20928311348	ICMP	708	708	2	4
0.653512001038	ICMP	606	606	2	4
17.8654360771	ICMP	178	178	1	3
1.24090504646	TCP	84	40	2	2
4.35876703262	TCP	81	40	1	5
3.38215088844	TCP	570	40	1	4
1.16961193085	TCP	410	40	2	8
0.708986997604	TCP	144	40	2	10
1.7979850769	TCP	587	40	2	5
0.249182939529	ICMP	420	420	2	5
19.5212638378	ICMP	661	661	1	2
1.90326213837	UDP	923	576	2	3
2.30954504013	TCP	782	40	1	3
0.227167844772	UDP	665	576	2	2
0.729770898819	TCP	489	40	2	2
11.3863770962	TCP	946	40	1	5
19.9807748795	TCP	809	40	1	5
