24.5214700699	UDP	304	332	1	1
8.15685296059	TCP	437	40	1	1
6.68828392029	UDP	659	576	1	1
1.56505799294	TCP	604	40	2	3
19.9665989876	TCP	1290	40	1	1
40.419246912	TCP	798	40	1	1
66.8103709221	TCP	220	40	1	2
13.899107933	TCP	246	40	1	2
10.5062768459	ICMP	560	560	1	2
3.21784591675	ICMP	719	719	1	1
11.9339661598	TCP	1067	40	1	1
24.2006001472	UDP	768	576	1	1
15.8664309978	TCP	932	40	1	1
12.001101017	TCP	188	40	1	1
67.8086640835	UDP	375	403	1	1
67.3153049946	UDP	909	576	1	2
0.893192768097	ICMP	691	691	2	2
4.94488286972	TCP	990	40	1	1
15.8201019764	ICMP	310	310	1	1
22.4914400578	UDP	297	325	1	1
77.0252151489	ICMP	710	710	1	2
1.95121598244	UDP	864	576	2	2
4.10254192352	TCP	1171	40	1	2
32.5147259235	TCP	430	40	1	2
4.23034095764	ICMP	446	446	1	1
3.18980097771	TCP	698	40	1	1
31.0132241249	TCP	388	40	1	1
67.5173830986	ICMP	597	597	1	1
69.8605110645	TCP	849	40	1	1
38.123611927	TCP	824	40	1	1
12.5407891273	UDP	456	484	1	1
16.148195982	TCP	1093	40	1	1
6.85826206207	TCP	1129	40	1	1
36.8363659382	UDP	308	336	1	1
33.5440301895	TCP	410	40	1	3
6.15524816513	UDP	900	576	1	2
12.3225870132	ICMP	262	262	1	1
40.5445199013	ICMP	440	440	1	1
0.555419921875	ICMP	324	324	2	2
33.5381999016	TCP	104	40	1	1
37.9372181892	ICMP	264	264	1	1
2.02857589722	TCP	979	40	1	1
7.80501484871	TCP	408	40	1	3
6.22961902618	TCP	1044	40	1	1
1.31220602989	ICMP	557	557	2	2
14.526348114	ICMP	700	700	1	1
21.9307019711	ICMP	77	77	1	1
6.05569005013	TCP	794	40	1	1
10.0004749298	UDP	131	159	1	2
6.17210698128	UDP	681	576	1	2
22.9912879467	TCP	1072	40	1	1
12.2634341717	TCP	606	40	1	1
1.95483088493	UDP	500	528	2	2
34.8529889584	UDP	164	192	1	1
8.43314599991	UDP	163	191	1	1
4.21974515915	ICMP	540	540	1	1
73.5674579144	ICMP	571	571	1	1
10.1128389835	UDP	385	413	1	1
12.0599730015	TCP	794	40	1	1
75.7898449898	ICMP	470	470	1	1
15.3304188251	TCP	872	40	1	1
34.1404471397	TCP	561	40	1	1
63.9759249687	UDP	751	576	1	1
1.83031702042	UDP	637	576	2	2
9.98495697975	TCP	1211	40	1	1
15.8013250828	UDP	672	576	1	1
15.5796051025	UDP	940	576	1	1
17.080589056	UDP	630	576	1	2
16.1646809578	TCP	959	40	1	2
15.7997641563	ICMP	269	269	1	3
2.79655694962	TCP	372	40	1	1
75.8248298168	UDP	434	462	1	1
4.21655917168	TCP	1040	40	1	2
31.9570112228	UDP	190	218	1	1
14.8964750767	ICMP	364	364	1	1
15.5777099133	TCP	1327	40	1	1
15.0494639874	UDP	634	576	1	1
9.18423008919	TCP	241	40	1	1
13.7028808594	TCP	422	40	1	1
32.8398401737	ICMP	441	441	1	3
1.27317595482	UDP	534	562	2	2
17.8136098385	TCP	962	40	1	1
1.93004202843	ICMP	505	505	2	2
3.90600395203	TCP	772	40	1	2
32.198089838	TCP	91	40	1	1
8.25451588631	UDP	749	576	1	1
0.864627122879	TCP	566	40	2	2
4.69607496262	TCP	352	40	1	2
2.30574202538	TCP	217	40	1	2
71.5496878624	ICMP	347	347	1	1
12.9221000671	ICMP	550	550	1	1
1.16161799431	UDP	519	547	2	2
5.15344905853	TCP	930	40	1	3
16.9971468449	TCP	777	40	1	2
9.54394006729	TCP	1226	40	1	1
6.77958583832	TCP	551	40	1	1
15.7098860741	TCP	892	40	1	1
37.9905421734	TCP	869	40	1	1
17.2805831432	ICMP	458	458	1	1
77.4625999928	TCP	137	40	1	1
40.0257780552	UDP	989	576	1	1
2.32114505768	UDP	316	344	1	2
77.2930839062	TCP	1203	40	1	1
4.4463570118	TCP	769	40	1	1
60.5464060307	TCP	144	40	1	1
5.53873205185	UDP	132	160	1	1
3.68172502518	UDP	921	576	1	1
12.2480990887	UDP	628	576	1	1
35.2928547859	UDP	313	341	1	1
69.3102319241	TCP	1061	40	1	1
31.436524868	TCP	489	40	1	1
10.6434690952	UDP	557	576	1	1
4.86303186417	ICMP	653	653	1	1
15.5212681293	ICMP	407	407	1	1
11.8706879616	TCP	47	40	1	1
30.9526820183	UDP	204	232	1	1
0.310814142227	UDP	488	516	2	2
74.6786141396	ICMP	68	68	1	1
62.6549339294	TCP	201	40	1	1
71.9445869923	TCP	1214	40	1	1
32.2658588886	ICMP	413	413	1	1
3.78034687042	TCP	902	40	1	1
38.639966011	UDP	193	221	1	1
11.8828151226	ICMP	524	524	1	1
0.438849925995	ICMP	580	580	2	2
6.84959101677	TCP	1220	40	1	2
7.02902007103	UDP	478	506	1	1
1.99119496346	UDP	208	236	2	3
1.29473996162	TCP	1216	40	2	2
2.87535595894	TCP	889	40	1	2
6.71942400932	UDP	182	210	1	1
35.4344499111	TCP	150	40	1	1
2.88664007187	TCP	697	40	1	1
0.320821046829	TCP	722	40	2	2
0.803935050964	TCP	1077	40	2	2
2.56383514404	ICMP	624	624	1	1
28.8430969715	TCP	884	40	1	1
39.8323428631	TCP	487	40	1	1
66.3430838585	TCP	84	40	1	1
14.5898427963	TCP	1251	40	1	1
12.2442259789	ICMP	120	120	1	1
21.3524289131	TCP	457	40	1	1
30.2233300209	TCP	411	40	1	1
14.5595118999	UDP	196	224	1	3
32.8499209881	ICMP	348	348	1	1
13.4990720749	TCP	1329	40	1	1
3.61092209816	UDP	432	460	1	1
1.08581995964	UDP	636	576	2	2
7.20302796364	TCP	1191	40	1	1
13.8718972206	TCP	1159	40	1	1
73.8695368767	TCP	906	40	1	1
78.240516901	ICMP	130	130	1	1
0.429227828979	ICMP	211	211	2	2
11.8219258785	ICMP	499	499	1	3
35.198143959	TCP	482	40	1	1
25.4498100281	TCP	359	40	1	1
60.8752632141	TCP	360	40	1	1
71.0167279243	TCP	75	40	1	1
63.1452219486	UDP	111	139	1	1
8.03514504433	TCP	642	40	1	3
4.08758997917	ICMP	41	41	1	2
74.821600914	TCP	198	40	1	2
3.07643079758	TCP	1230	40	1	1
2.80044293404	TCP	346	40	1	1
1.0983748436	ICMP	307	307	2	2
2.58371186256	TCP	980	40	1	1
32.4341590405	UDP	183	211	1	1
12.5090470314	TCP	1203	40	1	1
42.2727959156	UDP	827	576	1	1
35.2105579376	UDP	199	227	1	1
4.88809919357	TCP	995	40	1	1
1.60218191147	UDP	240	268	2	2
8.28735494614	TCP	1327	40	1	1
22.7996268272	TCP	376	40	1	1
62.7795670033	ICMP	621	621	1	1
1.17248797417	UDP	825	576	2	3
1.82860207558	TCP	51	40	2	2
69.4406011105	TCP	422	40	1	1
6.79120397568	ICMP	686	686	1	1
76.6345200539	TCP	1190	40	1	1
8.32001900673	TCP	719	40	1	1
6.36459803581	ICMP	123	123	1	1
32.9655060768	UDP	581	576	1	1
11.3377418518	TCP	277	40	1	1
21.5195770264	ICMP	694	694	1	1
6.99610185623	ICMP	95	95	1	1
10.3770670891	ICMP	210	210	1	1
6.33549499512	ICMP	694	694	1	1
13.499486208	TCP	1150	40	1	1
41.460832119	TCP	447	40	1	1
31.2462561131	UDP	1003	576	1	2
3.61674594879	TCP	1052	40	1	1
42.7702410221	ICMP	524	524	1	1
72.6706290245	ICMP	414	414	1	1
3.01572299004	TCP	1000	40	1	1
31.5547208786	ICMP	424	424	1	2
63.2904539108	UDP	751	576	1	1
11.9977769852	TCP	651	40	1	1
30.0490658283	TCP	578	40	1	1
71.4694900513	TCP	1160	40	1	3
70.8495271206	ICMP	482	482	1	1
7.16186499596	UDP	564	576	1	1
9.48513793945	TCP	174	40	1	1
44.1516611576	TCP	249	40	1	2
31.2099459171	UDP	489	517	1	1
68.6363110542	UDP	582	576	1	1
2.86063718796	TCP	97	40	1	1
51.6125259399	UDP	725	576	1	1
4.64307188988	TCP	996	40	1	1
11.1915991306	UDP	436	464	1	4
9.91990804672	UDP	676	576	1	1
43.7432339191	ICMP	485	485	1	1
1.49464297295	UDP	187	215	2	2
32.3321359158	UDP	46	74	1	1
69.0100979805	TCP	316	40	1	1
13.7540369034	TCP	711	40	1	1
49.8246188164	TCP	639	40	1	1
3.33197402954	ICMP	713	713	1	2
32.8743100166	UDP	631	576	1	3
2.28173017502	TCP	1234	40	1	1
0.317551136017	TCP	225	40	2	2
4.59618210793	TCP	967	40	1	1
3.06098914146	TCP	322	40	1	2
12.7815170288	TCP	371	40	1	2
6.62372493744	UDP	861	576	1	2
6.06485295296	ICMP	279	279	1	1
62.441838026	ICMP	290	290	1	1
9.91168403625	ICMP	426	426	1	1
47.7193949223	TCP	257	40	1	1
0.527499914169	ICMP	332	332	2	2
70.4856948853	TCP	257	40	1	1
48.3001499176	ICMP	46	46	1	1
11.9049141407	TCP	1082	40	1	1
1.15239810944	TCP	355	40	2	3
33.9135859013	TCP	660	40	1	2
16.1442301273	ICMP	243	243	1	1
17.1250519753	TCP	1028	40	1	1
15.9816019535	ICMP	718	718	1	1
75.2801940441	TCP	865	40	1	1
1.4512989521	TCP	475	40	2	2
39.9139039516	UDP	411	439	1	2
36.4768440723	ICMP	461	461	1	1
30.2906758785	UDP	891	576	1	1
5.62802600861	TCP	365	40	1	1
13.7261190414	UDP	225	253	1	2
76.7097239494	UDP	171	199	1	1
73.2037351131	TCP	728	40	1	1
23.3060920238	ICMP	377	377	1	1
1.17048406601	ICMP	596	596	2	2
1.1548268795	ICMP	414	414	2	2
67.5394670963	TCP	754	40	1	1
1.77009606361	TCP	282	40	2	2
14.0501699448	ICMP	435	435	1	1
0.293915987015	UDP	922	576	2	2
13.396312952	TCP	370	40	1	1
17.8695881367	TCP	937	40	1	1
31.168710947	UDP	514	542	1	1
12.7530128956	TCP	1021	40	1	1
2.55358910561	UDP	636	576	1	1
0.703151941299	UDP	705	576	2	2
1.67681884766	ICMP	201	201	2	2
66.8875901699	ICMP	65	65	1	1
15.581815958	ICMP	206	206	1	1
39.5686659813	UDP	861	576	1	1
20.0300700665	TCP	270	40	1	2
75.8939008713	TCP	856	40	1	1
9.21395516396	TCP	1215	40	1	1
11.8609838486	TCP	1214	40	1	1
11.4931628704	UDP	556	576	1	2
39.7848119736	ICMP	454	454	1	3
11.2669239044	ICMP	148	148	1	1
33.0816290379	TCP	246	40	1	1
4.83398294449	TCP	929	40	1	1
43.6821110249	TCP	466	40	1	1
1.26142001152	TCP	610	40	2	4
61.6732881069	TCP	1003	40	1	1
11.4659900665	ICMP	275	275	1	3
8.90083289146	ICMP	239	239	1	1
30.7891490459	TCP	542	40	1	1
75.5463058949	TCP	519	40	1	1
64.0814099312	UDP	747	576	1	1
72.2555789948	TCP	147	40	1	2
8.70977210999	ICMP	173	173	1	1
0.441376209259	TCP	742	40	2	2
33.3643119335	TCP	799	40	1	1
77.9082360268	TCP	853	40	1	1
78.3033790588	TCP	817	40	1	1
34.7737340927	ICMP	583	583	1	1
10.949436903	ICMP	547	547	1	1
0.558492898941	ICMP	359	359	2	2
4.88353800774	TCP	682	40	1	1
74.4398348331	TCP	321	40	1	1
15.866964817	ICMP	625	625	1	1
7.42339301109	ICMP	499	499	1	1
3.65105080605	UDP	963	576	1	1
6.38377404213	ICMP	115	115	1	1
14.1280500889	UDP	829	576	1	1
75.970651865	ICMP	139	139	1	1
8.68581795692	TCP	239	40	1	1
39.4684400558	ICMP	244	244	1	1
17.1010870934	UDP	732	576	1	1
8.4703168869	ICMP	392	392	1	2
31.460296154	UDP	112	140	1	1
57.0040011406	TCP	479	40	1	1
33.7107138634	TCP	256	40	1	1
32.6211488247	TCP	1330	40	1	2
39.9262499809	ICMP	298	298	1	1
11.2793560028	ICMP	721	721	1	1
30.151925087	TCP	1256	40	1	1
11.8101220131	UDP	775	576	1	1
11.9397261143	ICMP	392	392	1	1
49.119644165	ICMP	641	641	1	2
10.2236740589	ICMP	169	169	1	1
17.9499211311	ICMP	643	643	1	2
8.56033587456	TCP	975	40	1	1
41.2056229115	TCP	251	40	1	1
11.9562578201	ICMP	411	411	1	1
32.4172580242	UDP	445	473	1	1
3.36551594734	TCP	463	40	1	1
0.85941696167	TCP	77	40	2	2
2.86235904694	TCP	975	40	1	1
11.9135258198	TCP	862	40	1	2
7.31912398338	TCP	632	40	1	1
32.5691709518	TCP	366	40	1	2
2.18393707275	TCP	250	40	1	2
6.53162121773	TCP	823	40	1	1
55.090348959	TCP	1029	40	1	1
3.68059492111	TCP	601	40	1	1
2.54082202911	TCP	352	40	1	1
2.55252480507	ICMP	623	623	1	1
48.2746789455	ICMP	540	540	1	1
1.679926157	ICMP	651	651	2	2
2.00951313972	TCP	795	40	1	2
12.0305328369	TCP	792	40	1	1
7.59147191048	TCP	927	40	1	1
2.61744499207	UDP	741	576	1	2
2.32907104492	ICMP	107	107	1	1
12.5405278206	UDP	226	254	1	2
8.93642807007	TCP	632	40	1	1
3.88552689552	TCP	1169	40	1	1
1.30064105988	TCP	892	40	2	2
1.66470098495	ICMP	724	724	2	2
8.83672094345	UDP	354	382	1	2
1.58709788322	ICMP	548	548	2	4
38.1123239994	UDP	666	576	1	1
30.3724560738	TCP	391	40	1	1
11.9399411678	ICMP	590	590	1	1
70.4405429363	TCP	513	40	1	1
1.36143088341	ICMP	620	620	2	2
29.6035289764	TCP	628	40	1	1
12.3615908623	TCP	786	40	1	1
5.17001318932	TCP	934	40	1	2
29.4554030895	UDP	773	576	1	1
1.05299806595	UDP	605	576	2	2
13.5282249451	ICMP	669	669	1	1
30.9662051201	ICMP	587	587	1	1
63.187666893	TCP	911	40	1	1
2.83446502686	TCP	989	40	1	1
1.66887903214	UDP	142	170	2	2
2.16669511795	UDP	579	576	1	1
2.65716600418	TCP	746	40	1	1
64.0085968971	ICMP	222	222	1	1
40.9298939705	ICMP	299	299	1	1
22.1392068863	TCP	695	40	1	1
2.21864891052	TCP	816	40	1	1
1.17726206779	ICMP	696	696	2	2
39.7233221531	TCP	1187	40	1	1
27.4094860554	TCP	848	40	1	1
0.512671947479	TCP	885	40	2	2
40.2832679749	UDP	169	197	1	1
12.0828521252	ICMP	303	303	1	1
24.7819139957	TCP	791	40	1	2
30.8409519196	TCP	261	40	1	1
3.97500514984	UDP	241	269	1	1
30.3904540539	ICMP	70	70	1	2
31.501595974	TCP	1330	40	1	1
17.6528019905	TCP	425	40	1	2
9.2557079792	ICMP	471	471	1	2
4.80663895607	ICMP	543	543	1	1
32.1998710632	TCP	1236	40	1	1
76.8428311348	ICMP	49	49	1	2
74.5101540089	ICMP	197	197	1	1
12.6030371189	UDP	931	576	1	1
4.48171591759	TCP	575	40	1	1
40.3625581264	ICMP	564	564	1	1
11.0402061939	UDP	409	437	1	1
4.97887802124	UDP	363	391	1	2
1.48590612411	UDP	747	576	2	2
31.8193848133	TCP	889	40	1	1
2.03654789925	TCP	656	40	1	2
4.87185096741	TCP	890	40	1	1
7.32969212532	TCP	691	40	1	1
12.0317950249	TCP	613	40	1	1
17.2051770687	ICMP	362	362	1	1
15.4346940517	TCP	1207	40	1	1
40.0690579414	ICMP	327	327	1	1
40.4208521843	ICMP	146	146	1	1
23.1761620045	TCP	506	40	1	1
6.65290498734	TCP	461	40	1	1
39.5483109951	ICMP	248	248	1	1
1.96671891212	UDP	182	210	2	2
13.8260781765	ICMP	172	172	1	2
68.0560801029	TCP	176	40	1	1
47.6707489491	UDP	175	203	1	1
48.3545880318	ICMP	684	684	1	1
66.9328730106	UDP	581	576	1	1
13.9030339718	UDP	526	554	1	1
22.6657040119	TCP	1178	40	1	1
4.34243106842	TCP	45	40	1	1
5.00040888786	ICMP	215	215	1	1
14.6397979259	TCP	1211	40	1	1
75.5722329617	ICMP	700	700	1	1
10.3978078365	TCP	371	40	1	1
2.25423789024	ICMP	551	551	1	2
13.8859491348	UDP	858	576	1	1
1.71978402138	TCP	552	40	2	2
17.0386250019	TCP	494	40	1	1
56.2239911556	TCP	979	40	1	1
12.3250880241	TCP	904	40	1	1
9.59221792221	TCP	668	40	1	1
77.4303119183	TCP	69	40	1	3
6.40886211395	TCP	270	40	1	2
5.07043004036	UDP	39	67	1	2
0.390333890915	UDP	191	219	2	2
13.1394739151	TCP	1109	40	1	1
4.83065605164	ICMP	466	466	1	1
1.93691396713	TCP	948	40	2	2
17.7163219452	ICMP	685	685	1	2
76.2499101162	TCP	111	40	1	1
4.44725704193	UDP	975	576	1	1
29.4278180599	ICMP	412	412	1	1
16.4431610107	TCP	1126	40	1	1
32.5906188488	TCP	344	40	1	1
4.14629912376	ICMP	330	330	1	1
44.6118350029	TCP	1104	40	1	1
76.8241169453	TCP	746	40	1	1
0.374825000763	TCP	75	40	2	2
8.43117403984	UDP	205	233	1	1
7.00635695457	TCP	1278	40	1	1
5.45629191399	ICMP	544	544	1	3
2.86566019058	ICMP	261	261	1	1
15.2088079453	TCP	1339	40	1	1
12.6002690792	TCP	484	40	1	1
17.8424868584	UDP	96	124	1	1
12.6501839161	UDP	702	576	1	1
30.9345200062	TCP	1008	40	1	1
77.7498381138	TCP	934	40	1	2
1.50556516647	ICMP	358	358	2	2
43.9365930557	ICMP	545	545	1	1
40.3628461361	UDP	243	271	1	1
22.0486171246	TCP	298	40	1	1
49.127425909	ICMP	366	366	1	1
9.32507491112	UDP	115	143	1	1
7.1731710434	ICMP	416	416	1	1
25.5001308918	TCP	808	40	1	1
2.19305896759	TCP	210	40	1	1
17.2982079983	TCP	1110	40	1	1
14.6872570515	ICMP	665	665	1	2
69.8615131378	ICMP	671	671	1	1
45.5860600471	TCP	1041	40	1	2
11.8255310059	ICMP	500	500	1	1
0.321188926697	TCP	728	40	2	2
14.7042448521	TCP	942	40	1	1
16.8846490383	TCP	928	40	1	1
67.1628170013	ICMP	553	553	1	1
12.650427103	ICMP	501	501	1	1
1.21224093437	ICMP	721	721	2	2
10.0144648552	UDP	846	576	1	1
1.24671006203	TCP	131	40	2	2
14.7191529274	UDP	212	240	1	1
31.7113320827	ICMP	418	418	1	2
1.55943012238	TCP	1317	40	2	2
33.7535049915	UDP	442	470	1	1
15.8186500072	ICMP	671	671	1	1
1.28031396866	UDP	310	338	2	2
19.1397109032	TCP	377	40	1	2
1.63355898857	ICMP	723	723	2	2
8.56680011749	TCP	1140	40	1	1
6.28432893753	ICMP	721	721	1	1
6.13152098656	UDP	670	576	1	2
10.1253349781	TCP	857	40	1	1
38.7308530807	TCP	546	40	1	1
11.4760241508	TCP	576	40	1	1
3.73734307289	TCP	619	40	1	1
70.8388421535	ICMP	52	52	1	1
14.0711569786	TCP	183	40	1	1
1.94023799896	TCP	1244	40	2	2
25.7908461094	TCP	92	40	1	2
1.35262489319	TCP	1064	40	2	3
9.36818408966	ICMP	581	581	1	1
12.9099068642	ICMP	147	147	1	1
73.8917751312	TCP	1004	40	1	1
0.43070602417	TCP	1262	40	2	2
0.516087055206	ICMP	303	303	2	2
28.3599469662	TCP	61	40	1	1
9.05015707016	TCP	354	40	1	2
4.87407684326	UDP	994	576	1	2
1.41848802567	TCP	423	40	2	2
34.2747089863	ICMP	235	235	1	1
1.41804885864	ICMP	687	687	2	2
40.8305199146	ICMP	285	285	1	1
1.77052211761	ICMP	114	114	2	2
7.14457321167	TCP	970	40	1	2
3.40873408318	TCP	1245	40	1	1
21.3825211525	TCP	1101	40	1	1
3.67087888718	ICMP	370	370	1	1
13.0597119331	ICMP	422	422	1	1
22.470318079	ICMP	649	649	1	1
4.86104083061	TCP	896	40	1	1
29.6344721317	ICMP	398	398	1	1
8.47720503807	TCP	646	40	1	2
1.57253503799	ICMP	242	242	2	2
2.95983600616	ICMP	569	569	1	1
0.515633106232	ICMP	611	611	2	2
6.17807197571	TCP	553	40	1	1
0.550333976746	ICMP	440	440	2	2
44.1905319691	TCP	210	40	1	1
62.0338938236	TCP	273	40	1	1
7.43485403061	ICMP	557	557	1	1
14.6456990242	UDP	507	535	1	1
77.7446298599	TCP	938	40	1	2
61.4661300182	TCP	337	40	1	1
7.60787510872	TCP	393	40	1	1
44.1297678947	ICMP	438	438	1	1
1.01185321808	TCP	961	40	2	2
76.0300378799	ICMP	309	309	1	1
1.01639604568	TCP	1317	40	2	2
3.71788096428	TCP	682	40	1	1
9.27054381371	TCP	447	40	1	1
6.21181416512	ICMP	369	369	1	1
30.7469220161	TCP	400	40	1	2
65.9695630074	TCP	517	40	1	1
14.9409608841	TCP	625	40	1	1
8.97559094429	TCP	994	40	1	1
15.1804189682	UDP	107	135	1	1
45.3266870975	TCP	1290	40	1	1
2.85980010033	TCP	579	40	1	1
25.4662849903	TCP	452	40	1	1
2.62948298454	TCP	1099	40	1	1
6.68921589851	ICMP	88	88	1	1
2.60272288322	TCP	161	40	1	2
31.9310231209	ICMP	364	364	1	1
13.7061021328	ICMP	557	557	1	1
74.8521659374	TCP	605	40	1	1
14.3080179691	TCP	856	40	1	2
16.0754320621	TCP	489	40	1	1
74.1355109215	TCP	759	40	1	1
33.0725538731	UDP	704	576	1	4
3.30715489388	TCP	1077	40	1	1
72.6592490673	ICMP	662	662	1	1
1.28624510765	UDP	800	576	2	2
42.2501840591	TCP	561	40	1	1
1.44133591652	TCP	284	40	2	2
23.6892499924	ICMP	535	535	1	1
6.15375089645	UDP	355	383	1	2
16.4508099556	TCP	837	40	1	1
5.37006497383	ICMP	425	425	1	1
39.8790810108	UDP	976	576	1	1
32.6314558983	UDP	197	225	1	1
1.34700679779	UDP	834	576	2	2
16.6785850525	TCP	753	40	1	1
6.95965886116	ICMP	507	507	1	2
32.3345060349	UDP	998	576	1	1
13.1998598576	TCP	1081	40	1	1
3.12608194351	TCP	759	40	1	1
15.4742341042	TCP	200	40	1	1
13.827450037	UDP	689	576	1	1
6.9688000679	UDP	810	576	1	1
4.67631578445	TCP	138	40	1	1
5.12270712852	UDP	510	538	1	2
48.3237860203	ICMP	29	29	1	2
2.62646198273	TCP	57	40	1	1
2.15537500381	TCP	620	40	1	2
17.6899340153	ICMP	362	362	1	1
5.95037508011	ICMP	464	464	1	1
34.4018919468	TCP	677	40	1	1
32.1597650051	ICMP	224	224	1	2
75.4863700867	UDP	957	576	1	1
32.8479378223	UDP	152	180	1	2
42.2788701057	UDP	1012	576	1	1
2.33378195763	TCP	1004	40	1	2
4.48074793816	TCP	1225	40	1	2
15.5237400532	TCP	609	40	1	2
6.03538298607	ICMP	519	519	1	1
3.7364821434	UDP	483	511	1	1
1.27453517914	ICMP	99	99	2	2
11.9950549603	TCP	272	40	1	1
63.0193769932	TCP	842	40	1	1
63.7572078705	UDP	795	576	1	1
7.85487604141	TCP	1068	40	1	1
2.97156214714	UDP	231	259	1	1
3.90650606155	TCP	561	40	1	1
8.81106710434	UDP	473	501	1	1
4.35185003281	ICMP	95	95	1	1
0.722615003586	TCP	937	40	2	2
1.36131906509	TCP	735	40	2	2
45.9459290504	TCP	224	40	1	1
4.30444598198	UDP	920	576	1	1
1.68769693375	TCP	676	40	2	2
26.0273559093	TCP	592	40	1	1
4.03423285484	ICMP	429	429	1	1
3.10807991028	ICMP	646	646	1	1
2.69319701195	ICMP	563	563	1	1
1.46470499039	TCP	726	40	2	2
73.5892698765	TCP	310	40	1	1
0.31493806839	ICMP	610	610	2	2
3.93585109711	TCP	709	40	1	1
21.6585378647	ICMP	173	173	1	1
1.1059319973	TCP	64	40	2	2
15.4797549248	ICMP	116	116	1	1
77.0426959991	TCP	1244	40	1	1
2.89985585213	TCP	868	40	1	1
3.23514008522	TCP	1263	40	1	1
1.09616804123	TCP	958	40	2	3
42.6706650257	TCP	373	40	1	1
25.2540550232	ICMP	116	116	1	1
1.58294081688	TCP	621	40	2	2
6.84968996048	ICMP	432	432	1	1
8.87499403954	TCP	877	40	1	1
15.1940472126	TCP	471	40	1	1
0.311105966568	TCP	618	40	2	2
76.0496678352	TCP	107	40	1	1
77.2832138538	TCP	1080	40	1	1
24.4655869007	TCP	960	40	1	1
3.82844781876	UDP	214	242	1	1
42.8918960094	TCP	1095	40	1	1
2.84268498421	TCP	1269	40	1	1
75.7578108311	TCP	1221	40	1	1
77.1710410118	TCP	424	40	1	1
43.1565761566	TCP	808	40	1	1
3.48188495636	TCP	519	40	1	2
67.5299589634	UDP	223	251	1	1
1.14980006218	ICMP	526	526	2	2
5.23236298561	TCP	45	40	1	2
10.0702021122	ICMP	104	104	1	1
28.1082930565	TCP	1119	40	1	1
31.4317858219	TCP	1010	40	1	1
48.2695131302	TCP	425	40	1	1
45.1117858887	UDP	125	153	1	1
35.8303508759	UDP	785	576	1	1
18.4279417992	TCP	467	40	1	1
33.4337010384	TCP	428	40	1	1
5.09562683105	ICMP	400	400	1	2
14.3465688229	UDP	967	576	1	2
13.770111084	TCP	292	40	1	1
33.0426869392	TCP	706	40	1	1
7.66173315048	UDP	949	576	1	1
68.3108711243	ICMP	407	407	1	1
1.14691400528	ICMP	386	386	2	2
16.0587329865	TCP	262	40	1	2
61.6197109222	UDP	519	547	1	1
3.4102370739	ICMP	312	312	1	1
11.4983999729	TCP	167	40	1	1
2.14783191681	TCP	996	40	1	2
43.9136631489	TCP	712	40	1	1
4.02127695084	TCP	853	40	1	1
2.87987804413	ICMP	193	193	1	1
8.05324292183	UDP	886	576	1	1
37.5357949734	ICMP	341	341	1	2
14.9112758636	TCP	519	40	1	2
7.47316193581	TCP	497	40	1	1
7.93699598312	ICMP	427	427	1	1
13.5538461208	ICMP	156	156	1	1
41.2404530048	TCP	394	40	1	1
14.0332159996	ICMP	722	722	1	1
43.8241350651	TCP	809	40	1	1
75.9850440025	ICMP	295	295	1	1
32.3820118904	UDP	255	283	1	1
20.740101099	TCP	349	40	1	1
23.0648748875	ICMP	176	176	1	1
10.3966810703	ICMP	271	271	1	2
11.8997149467	ICMP	385	385	1	1
1.18939113617	TCP	374	40	2	2
2.83929109573	TCP	1068	40	1	1
25.4782030582	TCP	1115	40	1	1
2.44800209999	UDP	973	576	1	1
11.6394240856	TCP	847	40	1	1
11.2097079754	TCP	780	40	1	1
27.7413859367	TCP	357	40	1	1
42.1506068707	TCP	146	40	1	1
8.40947508812	ICMP	702	702	1	1
6.15028309822	TCP	449	40	1	1
5.24226999283	ICMP	585	585	1	1
42.0802049637	TCP	822	40	1	1
1.63629794121	ICMP	299	299	2	5
15.755202055	ICMP	55	55	1	1
17.9401221275	TCP	1077	40	1	1
6.6132838726	ICMP	449	449	1	1
1.46912908554	TCP	1194	40	2	2
0.77383518219	TCP	568	40	2	2
17.1935088634	TCP	1279	40	1	1
0.649759054184	TCP	1337	40	2	2
3.00223398209	TCP	686	40	1	1
74.0794231892	ICMP	710	710	1	1
2.59907007217	ICMP	288	288	1	1
30.1506750584	ICMP	158	158	1	1
7.17521810532	UDP	754	576	1	1
43.1533749104	TCP	537	40	1	1
2.06274604797	TCP	1060	40	1	1
8.89081501961	ICMP	513	513	1	1
68.7213971615	TCP	123	40	1	1
2.12475895882	ICMP	285	285	1	1
55.3733408451	TCP	1194	40	1	2
4.66190004349	ICMP	188	188	1	1
3.56462097168	TCP	1130	40	1	1
9.6743350029	TCP	1250	40	1	1
11.6988060474	TCP	313	40	1	1
1.36246800423	ICMP	562	562	2	3
40.604820013	TCP	952	40	1	1
1.26055502892	TCP	53	40	2	2
1.24824786186	UDP	399	427	2	2
9.46716308594	ICMP	28	28	1	1
23.1824901104	TCP	1189	40	1	1
2.2785449028	TCP	587	40	1	1
2.88042616844	TCP	843	40	1	1
66.7916190624	ICMP	204	204	1	1
3.45381498337	TCP	1099	40	1	1
24.7469921112	ICMP	397	397	1	1
4.72018504143	TCP	659	40	1	1
42.5205359459	ICMP	678	678	1	1
0.693355083466	TCP	920	40	2	2
18.4541501999	ICMP	88	88	1	1
77.499710083	ICMP	724	724	1	1
41.5992619991	TCP	196	40	1	1
3.02060008049	TCP	658	40	1	1
9.30994796753	TCP	125	40	1	1
9.32432699203	TCP	1263	40	1	2
11.6459009647	TCP	1115	40	1	1
39.3598351479	ICMP	468	468	1	1
37.0090348721	TCP	80	40	1	1
1.07486796379	TCP	1213	40	2	2
39.9669361115	ICMP	277	277	1	1
3.0776848793	UDP	106	134	1	3
1.18079400063	TCP	891	40	2	2
7.57048201561	TCP	976	40	1	1
11.9618439674	TCP	970	40	1	1
3.04185891151	ICMP	35	35	1	2
2.21177196503	ICMP	590	590	1	1
33.0975620747	ICMP	518	518	1	1
7.91985297203	TCP	205	40	1	1
1.55163407326	UDP	711	576	2	3
1.53766298294	ICMP	724	724	2	2
1.46045017242	ICMP	431	431	2	2
10.1218500137	ICMP	314	314	1	2
16.8472151756	ICMP	431	431	1	1
7.13875699043	TCP	888	40	1	1
5.61541390419	TCP	128	40	1	1
3.93146085739	TCP	703	40	1	1
5.24408197403	TCP	1079	40	1	1
1.80378103256	UDP	299	327	2	2
15.263684988	TCP	1011	40	1	1
17.4711668491	UDP	129	157	1	1
2.71632409096	TCP	1165	40	1	1
30.1984279156	TCP	264	40	1	1
5.01843619347	UDP	793	576	1	1
11.7949199677	ICMP	172	172	1	1
3.33869099617	TCP	635	40	1	1
10.3040390015	ICMP	158	158	1	1
16.0498070717	TCP	848	40	1	1
39.551897049	ICMP	217	217	1	1
4.42796397209	ICMP	442	442	1	2
70.762346983	TCP	637	40	1	1
62.1844308376	TCP	256	40	1	2
30.0995790958	TCP	466	40	1	1
77.1173479557	TCP	246	40	1	1
5.14688301086	UDP	755	576	1	1
65.5598201752	ICMP	273	273	1	2
30.4925479889	ICMP	618	618	1	1
16.4701838493	UDP	585	576	1	1
69.9816188812	TCP	980	40	1	2
1.87768888474	UDP	883	576	2	2
44.5120279789	TCP	185	40	1	1
9.53206300735	TCP	1322	40	1	1
3.37439393997	ICMP	351	351	1	1
25.9134759903	ICMP	304	304	1	1
17.7836048603	TCP	1057	40	1	2
3.29919409752	UDP	741	576	1	1
25.9948551655	TCP	278	40	1	1
12.1358129978	TCP	719	40	1	1
30.7630879879	TCP	96	40	1	1
4.80038285255	TCP	1096	40	1	1
74.7104198933	UDP	964	576	1	2
72.0116629601	TCP	1151	40	1	1
4.72132277489	UDP	912	576	1	1
71.0788362026	TCP	1289	40	1	1
3.03878211975	ICMP	717	717	1	1
32.5704262257	UDP	59	87	1	3
2.4283618927	TCP	130	40	1	2
23.2053818703	ICMP	441	441	1	1
10.1204600334	TCP	275	40	1	1
4.94972395897	TCP	510	40	1	2
31.5208120346	TCP	799	40	1	1
31.2896621227	TCP	942	40	1	1
5.9983959198	UDP	710	576	1	1
76.5994009972	TCP	1246	40	1	2
4.45704603195	ICMP	217	217	1	1
59.2504920959	TCP	81	40	1	1
12.3896372318	TCP	509	40	1	1
18.5608661175	TCP	1083	40	1	1
10.3795759678	TCP	986	40	1	1
3.22283482552	TCP	56	40	1	1
50.3139338493	ICMP	81	81	1	1
10.422068119	TCP	869	40	1	2
62.9288260937	TCP	558	40	1	1
11.632682085	ICMP	473	473	1	1
6.04003190994	TCP	1185	40	1	2
36.1329228878	TCP	391	40	1	1
30.0803170204	TCP	1158	40	1	2
32.8392829895	TCP	490	40	1	1
9.4113547802	UDP	440	468	1	2
39.4763739109	ICMP	603	603	1	2
9.48766303062	ICMP	154	154	1	1
17.5746231079	UDP	399	427	1	1
4.37865209579	ICMP	46	46	1	1
4.09051799774	UDP	695	576	1	1
2.11353611946	ICMP	259	259	1	3
40.1998910904	ICMP	309	309	1	3
10.0751080513	UDP	281	309	1	1
4.11016607285	TCP	1077	40	1	1
6.9615650177	ICMP	122	122	1	1
39.7532629967	ICMP	137	137	1	1
40.081610918	TCP	729	40	1	1
2.42395401001	TCP	963	40	1	1
3.70353794098	TCP	534	40	1	1
42.2609429359	ICMP	504	504	1	1
1.57359910011	ICMP	236	236	2	2
38.6626689434	ICMP	181	181	1	1
12.070868969	TCP	856	40	1	1
76.8297371864	UDP	707	576	1	1
40.4686589241	ICMP	198	198	1	1
1.27034902573	ICMP	585	585	2	2
10.2600338459	ICMP	360	360	1	1
33.3842079639	TCP	586	40	1	1
40.2286610603	ICMP	406	406	1	2
12.3813169003	UDP	83	111	1	1
3.58937811852	TCP	80	40	1	1
17.7447302341	UDP	166	194	1	1
62.6688489914	ICMP	501	501	1	1
14.9681448936	ICMP	692	692	1	1
1.52026104927	TCP	192	40	2	4
40.0065209866	TCP	215	40	1	1
0.545464992523	TCP	1055	40	2	2
17.0044140816	TCP	426	40	1	2
5.58941197395	ICMP	556	556	1	1
12.0804989338	ICMP	58	58	1	1
4.35449814796	TCP	1160	40	1	2
3.35639214516	TCP	986	40	1	1
37.1499350071	TCP	996	40	1	1
13.4849388599	TCP	1118	40	1	1
16.4953868389	UDP	1016	576	1	1
0.83615899086	ICMP	250	250	2	2
1.6335849762	TCP	107	40	2	2
20.9919350147	TCP	751	40	1	1
1.84962916374	TCP	372	40	2	2
39.7934250832	UDP	1020	576	1	2
2.29544305801	TCP	1099	40	1	1
4.95680904388	TCP	1036	40	1	1
32.7141189575	UDP	28	56	1	3
55.4112238884	TCP	205	40	1	1
16.6066169739	ICMP	650	650	1	1
36.0929100513	TCP	714	40	1	1
10.2701601982	UDP	844	576	1	1
4.17064094543	ICMP	554	554	1	1
4.30876803398	ICMP	617	617	1	1
0.881455898285	TCP	318	40	2	2
7.21090507507	UDP	389	417	1	1
7.71739602089	TCP	159	40	1	2
11.5064249039	TCP	1079	40	1	3
41.6270129681	ICMP	531	531	1	1
0.834910869598	TCP	619	40	2	2
32.8641469479	UDP	562	576	1	1
31.2769510746	UDP	439	467	1	1
12.5779900551	ICMP	515	515	1	1
73.2842719555	ICMP	264	264	1	1
1.26290416718	UDP	829	576	2	2
17.7619709969	TCP	178	40	1	1
7.81971502304	ICMP	545	545	1	1
73.1832888126	ICMP	359	359	1	1
1.08952999115	TCP	692	40	2	2
4.00090003014	ICMP	318	318	1	1
40.1459000111	TCP	61	40	1	1
19.366298914	ICMP	670	670	1	1
2.75124502182	ICMP	164	164	1	1
4.10961794853	TCP	215	40	1	1
13.6270389557	UDP	800	576	1	1
36.0523290634	TCP	273	40	1	1
6.74229812622	UDP	739	576	1	2
28.1763970852	TCP	808	40	1	1
1.60356807709	TCP	1191	40	2	2
39.4821250439	UDP	102	130	1	1
3.71593093872	ICMP	511	511	1	1
76.6240680218	UDP	66	94	1	1
56.57188797	UDP	226	254	1	1
75.4117519855	TCP	1223	40	1	1
4.73054289818	TCP	730	40	1	1
17.2313241959	TCP	1025	40	1	1
31.0595901012	TCP	644	40	1	2
0.535526990891	TCP	566	40	2	2
3.10237383842	ICMP	190	190	1	1
75.5196890831	ICMP	305	305	1	1
39.7546730042	ICMP	56	56	1	1
9.82273888588	TCP	622	40	1	1
30.6833429337	TCP	319	40	1	1
3.16440987587	TCP	200	40	1	1
1.22380805016	TCP	677	40	2	2
33.3756330013	ICMP	135	135	1	2
38.9564809799	UDP	696	576	1	1
7.73031806946	ICMP	702	702	1	1
4.9642059803	ICMP	614	614	1	1
11.1506121159	TCP	311	40	1	2
12.2314059734	TCP	169	40	1	1
1.3138730526	UDP	646	576	2	3
31.9687409401	TCP	510	40	1	1
1.89165687561	ICMP	467	467	2	2
4.82991909981	TCP	210	40	1	1
68.7005581856	UDP	753	576	1	1
74.4921569824	TCP	41	40	1	1
30.6920990944	UDP	583	576	1	1
23.8306481838	ICMP	453	453	1	1
12.2830481529	TCP	69	40	1	2
9.35300707817	ICMP	640	640	1	1
4.76012420654	ICMP	291	291	1	1
1.56738591194	ICMP	420	420	2	2
2.29259705544	TCP	1121	40	1	1
46.4300460815	TCP	793	40	1	1
8.31794500351	TCP	294	40	1	1
3.69131922722	TCP	380	40	1	1
15.3308939934	ICMP	44	44	1	1
72.3851668835	ICMP	654	654	1	1
6.84609413147	TCP	382	40	1	1
11.512155056	UDP	909	576	1	1
63.490929842	TCP	870	40	1	1
32.1847350597	ICMP	506	506	1	1
73.3098828793	ICMP	56	56	1	1
24.7813489437	ICMP	519	519	1	1
8.27831101418	ICMP	286	286	1	1
12.7434239388	UDP	985	576	1	1
16.326089859	ICMP	232	232	1	2
5.14898109436	TCP	61	40	1	1
0.952203035355	TCP	1197	40	2	4
76.8999340534	TCP	887	40	1	1
77.5622520447	TCP	108	40	1	2
6.81147384644	UDP	355	383	1	1
17.249434948	TCP	152	40	1	1
4.21839380264	ICMP	498	498	1	1
16.3447008133	ICMP	414	414	1	1
7.50044512749	UDP	688	576	1	1
77.2159509659	ICMP	326	326	1	1
5.81541490555	ICMP	304	304	1	1
39.1659522057	ICMP	164	164	1	1
72.700455904	ICMP	648	648	1	1
5.22225999832	UDP	308	336	1	1
39.9665789604	UDP	523	551	1	1
1.1645488739	ICMP	128	128	2	3
1.57838916779	UDP	530	558	2	4
11.7551839352	ICMP	292	292	1	1
2.99934387207	ICMP	646	646	1	1
3.10352897644	UDP	386	414	1	2
17.0652258396	TCP	709	40	1	1
64.0122258663	UDP	896	576	1	1
10.1936531067	TCP	99	40	1	2
31.8896110058	ICMP	690	690	1	1
3.91990709305	TCP	379	40	1	1
43.7003259659	TCP	79	40	1	2
6.89205217361	TCP	707	40	1	1
40.2205369473	TCP	1280	40	1	1
2.30748200417	UDP	437	465	1	1
63.9975481033	TCP	1316	40	1	1
61.1362709999	TCP	1242	40	1	2
1.25072407722	UDP	247	275	2	2
73.8999109268	ICMP	270	270	1	1
67.6108319759	UDP	656	576	1	1
29.5034139156	UDP	455	483	1	1
6.73190402985	ICMP	230	230	1	2
4.44462609291	TCP	1292	40	1	2
10.7647588253	TCP	1320	40	1	1
8.3723628521	ICMP	57	57	1	3
11.4428379536	UDP	1002	576	1	1
0.585500955582	TCP	552	40	2	2
16.2926208973	TCP	82	40	1	1
67.123442173	ICMP	299	299	1	1
74.8306829929	TCP	1200	40	1	1
3.94405007362	TCP	1043	40	1	1
17.0181698799	ICMP	514	514	1	1
8.1125190258	ICMP	487	487	1	1
74.9998590946	ICMP	275	275	1	1
34.9306530952	ICMP	601	601	1	1
28.2001869678	TCP	441	40	1	2
56.8385920525	TCP	754	40	1	1
1.22057390213	UDP	96	124	2	2
18.1740441322	UDP	189	217	1	1
1.35573291779	TCP	836	40	2	2
24.3197529316	ICMP	364	364	1	1
24.9363591671	ICMP	340	340	1	1
27.4834229946	TCP	286	40	1	1
27.5542309284	TCP	577	40	1	1
8.75342798233	TCP	1153	40	1	1
77.3652820587	ICMP	445	445	1	1
33.7222239971	TCP	1094	40	1	1
29.9949190617	TCP	955	40	1	1
3.10228514671	TCP	846	40	1	1
16.2753210068	TCP	931	40	1	1
70.5284900665	UDP	1004	576	1	1
34.1669487953	TCP	504	40	1	1
32.6255719662	TCP	1301	40	1	1
72.3400812149	TCP	936	40	1	2
32.8774268627	ICMP	703	703	1	2
13.0975329876	ICMP	314	314	1	2
1.63248205185	ICMP	456	456	2	2
24.7289218903	TCP	868	40	1	1
3.09440612793	TCP	1334	40	1	2
34.9622719288	TCP	1212	40	1	1
39.0963249207	TCP	1286	40	1	1
32.0497779846	ICMP	210	210	1	1
73.2258269787	ICMP	463	463	1	2
3.04033899307	ICMP	570	570	1	1
8.26962089539	TCP	1170	40	1	2
6.85848283768	ICMP	542	542	1	1
6.56719517708	UDP	127	155	1	1
27.9773280621	UDP	992	576	1	1
64.9494969845	ICMP	684	684	1	1
65.2340860367	ICMP	267	267	1	2
1.89856791496	UDP	634	576	2	2
10.8575780392	ICMP	296	296	1	1
1.89690899849	ICMP	97	97	2	2
31.6230499744	UDP	688	576	1	1
4.36029911041	ICMP	417	417	1	1
1.88092517853	UDP	36	64	2	2
14.1638817787	ICMP	224	224	1	2
7.7808110714	UDP	592	576	1	1
19.0780849457	TCP	1211	40	1	1
2.73720002174	TCP	1263	40	1	1
34.2211699486	ICMP	563	563	1	1
14.8496940136	ICMP	697	697	1	1
33.8600440025	TCP	60	40	1	2
77.6073181629	TCP	339	40	1	1
15.7467319965	TCP	516	40	1	3
16.5881390572	TCP	108	40	1	1
11.1100139618	TCP	841	40	1	1
1.030148983	TCP	248	40	2	2
76.3682339191	UDP	333	361	1	2
44.5848069191	UDP	244	272	1	1
27.7101390362	UDP	482	510	1	1
12.7297861576	TCP	720	40	1	1
77.5995759964	ICMP	320	320	1	1
3.98917293549	TCP	619	40	1	1
32.1806519032	TCP	871	40	1	1
33.4197480679	UDP	258	286	1	1
13.9600338936	TCP	637	40	1	1
2.31452584267	ICMP	63	63	1	1
39.601667881	TCP	1314	40	1	2
9.61115002632	TCP	402	40	1	2
9.0839869976	TCP	164	40	1	1
6.53321313858	TCP	1259	40	1	1
2.0158200264	TCP	1000	40	1	2
77.1326730251	TCP	101	40	1	1
12.1123120785	UDP	871	576	1	2
1.29848885536	ICMP	542	542	2	2
1.23531317711	TCP	103	40	2	2
1.62538599968	TCP	391	40	2	3
52.3104581833	ICMP	92	92	1	1
4.11054086685	TCP	205	40	1	2
70.9108731747	ICMP	150	150	1	2
77.4813668728	ICMP	97	97	1	3
14.981251955	TCP	777	40	1	1
44.2805998325	TCP	149	40	1	1
33.3209350109	UDP	584	576	1	1
25.4404039383	TCP	1044	40	1	1
8.55086994171	UDP	238	266	1	1
0.679388999939	TCP	1053	40	2	2
3.89318394661	ICMP	221	221	1	1
10.4423530102	TCP	508	40	1	1
3.40943002701	UDP	981	576	1	1
4.88032793999	TCP	490	40	1	2
1.97363305092	ICMP	379	379	2	2
6.88705301285	TCP	732	40	1	1
5.15196919441	TCP	1044	40	1	1
3.55784487724	UDP	128	156	1	1
4.34690189362	TCP	209	40	1	1
77.3971450329	UDP	302	330	1	1
3.38671398163	UDP	433	461	1	1
2.54663586617	ICMP	673	673	1	1
24.24812603	TCP	489	40	1	2
1.20547604561	UDP	185	213	2	2
0.35347700119	ICMP	293	293	2	2
4.52380895615	TCP	351	40	1	1
41.8849861622	TCP	732	40	1	1
2.07285690308	TCP	484	40	1	1
35.0955209732	TCP	607	40	1	1
2.96262407303	ICMP	350	350	1	1
65.5000708103	ICMP	356	356	1	1
43.3363018036	ICMP	608	608	1	1
69.0013179779	ICMP	409	409	1	1
76.648897171	TCP	555	40	1	1
22.5312311649	UDP	833	576	1	1
18.2080011368	TCP	477	40	1	1
2.88324093819	TCP	281	40	1	1
5.94463801384	TCP	276	40	1	2
13.8911828995	TCP	78	40	1	1
6.488478899	ICMP	122	122	1	1
15.5874090195	UDP	288	316	1	1
7.08539104462	TCP	984	40	1	1
40.6867251396	TCP	57	40	1	1
9.94083619118	UDP	698	576	1	1
13.8594429493	ICMP	596	596	1	1
43.1910181046	UDP	102	130	1	2
1.20991110802	ICMP	560	560	2	2
1.47443699837	UDP	936	576	2	2
42.5255639553	ICMP	276	276	1	1
39.6200931072	TCP	879	40	1	1
74.3701868057	ICMP	401	401	1	1
5.48063492775	ICMP	500	500	1	1
41.3776299953	TCP	395	40	1	1
1.83794593811	ICMP	266	266	2	2
8.62629699707	TCP	546	40	1	2
2.53407406807	TCP	1121	40	1	1
16.4947710037	TCP	237	40	1	1
76.9696741104	UDP	686	576	1	1
14.0383899212	ICMP	69	69	1	1
0.850281000137	TCP	776	40	2	2
6.0441031456	TCP	1081	40	1	1
25.8501808643	TCP	517	40	1	1
11.1300740242	ICMP	88	88	1	1
0.857371091843	TCP	550	40	2	2
0.412911891937	UDP	77	105	2	2
9.81593203545	UDP	171	199	1	2
36.9006340504	TCP	457	40	1	2
3.62384581566	TCP	676	40	1	2
39.0833990574	ICMP	492	492	1	1
32.2301127911	ICMP	215	215	1	1
3.01606488228	TCP	1168	40	1	1
24.730340004	UDP	138	166	1	1
6.4301738739	TCP	1071	40	1	2
2.5936858654	TCP	440	40	1	2
39.6646778584	TCP	966	40	1	1
9.62942409515	UDP	871	576	1	1
22.9307551384	UDP	72	100	1	1
31.4772701263	ICMP	40	40	1	2
8.17963504791	ICMP	52	52	1	1
6.36229896545	ICMP	212	212	1	1
77.2599239349	ICMP	68	68	1	1
0.441123008728	TCP	41	40	2	2
9.94994497299	TCP	164	40	1	1
15.5682339668	UDP	793	576	1	1
2.17193579674	TCP	875	40	1	1
1.40943694115	ICMP	261	261	2	2
76.9535019398	TCP	332	40	1	1
16.1170711517	ICMP	645	645	1	1
10.0097770691	UDP	858	576	1	1
1.70081710815	UDP	305	333	2	2
3.08622288704	TCP	589	40	1	1
41.3496351242	TCP	193	40	1	1
32.7599730492	ICMP	305	305	1	1
11.2907969952	ICMP	685	685	1	1
3.19473600388	UDP	705	576	1	2
3.61028695107	UDP	371	399	1	1
1.49502801895	UDP	499	527	2	2
8.45852613449	UDP	931	576	1	2
9.28689908981	TCP	746	40	1	1
2.02040982246	ICMP	553	553	1	1
5.19271802902	TCP	446	40	1	1
66.6595330238	TCP	735	40	1	1
11.6399159431	TCP	1241	40	1	1
2.01576399803	TCP	1144	40	1	1
45.6224529743	TCP	573	40	1	1
6.70137095451	ICMP	557	557	1	1
33.0069210529	TCP	738	40	1	1
41.3971979618	UDP	502	530	1	1
4.05088090897	UDP	251	279	1	1
3.35779976845	TCP	112	40	1	1
0.711386919022	TCP	1294	40	2	2
36.6382861137	ICMP	614	614	1	1
13.7308909893	TCP	970	40	1	1
7.85079097748	UDP	658	576	1	1
0.575978040695	TCP	357	40	2	2
10.0927431583	TCP	257	40	1	1
1.99382996559	ICMP	570	570	2	2
63.5545837879	ICMP	308	308	1	1
20.9313781261	ICMP	116	116	1	1
4.50910711288	ICMP	158	158	1	1
3.00961518288	UDP	543	571	1	1
1.97663116455	TCP	745	40	2	2
30.2696180344	TCP	475	40	1	1
76.921528101	UDP	135	163	1	1
11.525001049	ICMP	706	706	1	1
0.562350034714	TCP	544	40	2	2
18.1108760834	ICMP	94	94	1	1
12.370388031	UDP	44	72	1	1
10.3399679661	TCP	872	40	1	1
3.378221035	TCP	635	40	1	1
6.41697597504	TCP	389	40	1	1
25.200124979	ICMP	40	40	1	2
2.2424659729	UDP	755	576	1	2
63.7804400921	UDP	333	361	1	1
12.0179200172	TCP	911	40	1	1
6.64527201653	TCP	1025	40	1	1
3.20806384087	ICMP	324	324	1	1
20.019536972	TCP	1295	40	1	1
2.60987210274	UDP	902	576	1	1
25.4140269756	UDP	389	417	1	1
76.7451360226	UDP	799	576	1	3
2.78434514999	ICMP	710	710	1	1
0.576630830765	TCP	953	40	2	2
79.6300830841	TCP	964	40	1	1
77.4997189045	UDP	769	576	1	2
9.37940597534	ICMP	336	336	1	1
76.3659529686	TCP	1212	40	1	2
76.0834741592	TCP	595	40	1	2
3.43986797333	TCP	504	40	1	1
30.474009037	ICMP	318	318	1	2
25.9750840664	TCP	546	40	1	1
76.7051239014	TCP	539	40	1	1
1.37290000916	TCP	412	40	2	4
66.2713310719	TCP	862	40	1	1
75.6302640438	ICMP	167	167	1	1
4.59959888458	ICMP	260	260	1	1
1.72841715813	TCP	98	40	2	2
4.91022491455	TCP	1029	40	1	1
40.5840170383	UDP	781	576	1	1
1.13217902184	TCP	1209	40	2	2
64.9113638401	TCP	823	40	1	1
7.29630088806	UDP	76	104	1	1
36.9846367836	ICMP	151	151	1	1
3.94364309311	ICMP	266	266	1	1
76.6899659634	UDP	738	576	1	1
75.7630650997	TCP	602	40	1	1
8.1033449173	UDP	929	576	1	2
30.980602026	ICMP	190	190	1	1
63.5304069519	TCP	580	40	1	1
3.89015293121	ICMP	28	28	1	1
9.13060188293	TCP	572	40	1	1
1.75774407387	TCP	718	40	2	2
11.8680610657	ICMP	345	345	1	1
19.1205689907	TCP	1235	40	1	2
0.426548957825	TCP	830	40	2	2
4.52583312988	TCP	321	40	1	1
39.2932829857	ICMP	96	96	1	1
1.33178901672	ICMP	80	80	2	2
30.877425909	TCP	837	40	1	1
12.3241460323	TCP	433	40	1	1
5.21039581299	UDP	738	576	1	1
64.5524551868	TCP	41	40	1	1
34.3579249382	ICMP	220	220	1	2
14.2138361931	ICMP	89	89	1	1
60.7133178711	UDP	932	576	1	2
41.2204830647	ICMP	398	398	1	1
12.9666938782	TCP	1104	40	1	1
16.1701140404	TCP	639	40	1	1
0.722604990005	TCP	629	40	2	2
2.52392816544	ICMP	134	134	1	1
9.06881284714	TCP	1200	40	1	1
31.7748401165	TCP	1068	40	1	1
1.72861599922	UDP	229	257	2	2
3.20305609703	ICMP	291	291	1	1
1.56619095802	ICMP	63	63	2	2
1.33932113647	ICMP	383	383	2	2
17.539484024	TCP	104	40	1	1
64.9620170593	TCP	1297	40	1	1
16.7965490818	ICMP	637	637	1	1
39.8964002132	TCP	524	40	1	1
30.8078041077	TCP	334	40	1	1
0.502911806107	UDP	399	427	2	2
16.30651021	TCP	475	40	1	1
3.60880303383	TCP	1173	40	1	1
1.28909492493	TCP	1107	40	2	2
11.6700639725	ICMP	394	394	1	1
9.0314040184	TCP	337	40	1	1
1.75775790215	ICMP	639	639	2	2
76.1400089264	UDP	423	451	1	2
2.84103798866	UDP	138	166	1	1
50.530050993	TCP	402	40	1	1
68.7531909943	TCP	976	40	1	1
3.12962985039	ICMP	217	217	1	1
1.17622685432	ICMP	579	579	2	2
22.836261034	TCP	1140	40	1	1
2.67800378799	ICMP	108	108	1	2
5.4718079567	ICMP	542	542	1	1
65.6603908539	UDP	516	544	1	1
1.00270199776	TCP	129	40	2	2
11.7594110966	TCP	227	40	1	1
16.2216308117	UDP	370	398	1	1
11.9695160389	TCP	1048	40	1	1
7.96419000626	TCP	329	40	1	2
1.35063910484	TCP	805	40	2	2
69.7005767822	TCP	237	40	1	1
4.57202506065	TCP	1186	40	1	1
65.3593461514	TCP	63	40	1	2
9.30087208748	TCP	1157	40	1	1
2.89538598061	ICMP	523	523	1	1
5.93215799332	TCP	578	40	1	1
11.1429381371	TCP	1264	40	1	1
3.71533703804	ICMP	249	249	1	1
1.87722301483	ICMP	329	329	2	2
0.788270950317	TCP	967	40	2	2
2.79071211815	UDP	722	576	1	1
31.7922010422	UDP	468	496	1	1
32.4496049881	TCP	138	40	1	2
1.90037107468	ICMP	407	407	2	3
8.36178207397	TCP	133	40	1	1
0.313351869583	TCP	910	40	2	2
39.1541500092	TCP	185	40	1	1
38.5936357975	ICMP	47	47	1	1
41.6502680779	TCP	1164	40	1	1
3.19392204285	TCP	271	40	1	2
1.31053495407	ICMP	508	508	2	3
1.56684184074	ICMP	638	638	2	2
64.2496080399	ICMP	615	615	1	1
0.400228977203	UDP	616	576	2	2
9.42528605461	UDP	370	398	1	1
11.8978140354	TCP	919	40	1	2
11.4808189869	UDP	446	474	1	2
2.50739979744	TCP	143	40	1	1
24.3294188976	ICMP	595	595	1	1
43.5329959393	ICMP	105	105	1	1
31.8591270447	ICMP	336	336	1	1
4.13205289841	ICMP	365	365	1	1
0.36833691597	TCP	1339	40	2	2
33.2049798965	ICMP	180	180	1	1
7.68066692352	TCP	65	40	1	1
15.7103450298	TCP	573	40	1	1
39.4065060616	TCP	454	40	1	1
38.5874509811	UDP	966	576	1	1
15.6958808899	TCP	533	40	1	1
26.7016131878	UDP	911	576	1	1
39.6117129326	TCP	880	40	1	1
71.7821650505	TCP	965	40	1	2
20.2918000221	ICMP	260	260	1	1
2.74260210991	ICMP	541	541	1	1
30.2447390556	ICMP	349	349	1	2
40.0478949547	TCP	225	40	1	1
15.8279540539	ICMP	538	538	1	2
10.1528739929	TCP	475	40	1	1
16.0044689178	ICMP	38	38	1	1
0.316359043121	TCP	297	40	2	2
3.75558304787	TCP	139	40	1	1
3.34969091415	ICMP	29	29	1	1
32.8402159214	ICMP	181	181	1	1
43.8526830673	TCP	1033	40	1	1
69.2271029949	TCP	500	40	1	1
7.90975904465	ICMP	636	636	1	1
1.15981078148	UDP	128	156	2	2
11.676666975	ICMP	99	99	1	1
4.01412892342	ICMP	432	432	1	1
25.6024279594	TCP	1295	40	1	1
41.9365470409	TCP	515	40	1	1
3.53552603722	TCP	208	40	1	1
30.5204980373	TCP	353	40	1	1
32.450387001	TCP	655	40	1	1
2.51620793343	UDP	1010	576	1	1
24.0263059139	TCP	848	40	1	1
12.3194191456	TCP	1031	40	1	1
1.66721487045	ICMP	110	110	2	2
6.44269299507	UDP	683	576	1	1
0.43610906601	TCP	596	40	2	2
40.5688581467	TCP	360	40	1	1
3.76086497307	UDP	144	172	1	1
12.5326390266	TCP	639	40	1	1
72.4051098824	TCP	49	40	1	2
2.92969894409	TCP	1227	40	1	1
3.69980287552	UDP	649	576	1	1
1.77398014069	TCP	693	40	2	2
15.8897199631	TCP	1112	40	1	1
30.3888268471	ICMP	225	225	1	1
1.49111199379	TCP	1314	40	2	2
33.8494231701	UDP	524	552	1	1
2.10355591774	TCP	405	40	1	2
1.054033041	UDP	219	247	2	2
12.6123991013	ICMP	57	57	1	1
4.93721389771	TCP	309	40	1	2
33.296861887	TCP	1127	40	1	2
0.857290029526	ICMP	494	494	2	2
18.0279707909	UDP	997	576	1	1
3.15835905075	ICMP	370	370	1	1
14.515458107	UDP	762	576	1	1
16.2749340534	UDP	818	576	1	1
11.2634840012	UDP	824	576	1	1
16.0730209351	ICMP	96	96	1	1
4.58451294899	ICMP	337	337	1	2
30.5400090218	TCP	1019	40	1	1
1.13555407524	ICMP	329	329	2	2
0.751348018646	TCP	567	40	2	2
11.6242918968	ICMP	172	172	1	1
16.4363639355	ICMP	44	44	1	1
11.6973810196	ICMP	78	78	1	1
32.1200559139	UDP	162	190	1	1
12.4815919399	TCP	1197	40	1	2
1.72561502457	UDP	340	368	2	2
25.1224467754	UDP	900	576	1	1
15.8582499027	ICMP	210	210	1	1
12.0463130474	TCP	587	40	1	1
40.2058320045	UDP	29	57	1	2
1.5379178524	UDP	637	576	2	2
32.8989210129	ICMP	698	698	1	1
0.492077827454	ICMP	422	422	2	2
14.0943858624	ICMP	240	240	1	1
1.20264720917	ICMP	78	78	2	2
6.55337810516	TCP	528	40	1	1
12.6897029877	TCP	732	40	1	1
9.11085796356	ICMP	165	165	1	1
31.4135651588	UDP	902	576	1	2
64.4798488617	TCP	950	40	1	1
1.88982701302	ICMP	236	236	2	2
12.7799479961	UDP	961	576	1	1
43.6717569828	ICMP	379	379	1	1
39.1612360477	TCP	1236	40	1	2
1.62239599228	TCP	1075	40	2	2
41.6136391163	TCP	806	40	1	1
9.77195096016	TCP	274	40	1	1
2.05708408356	UDP	970	576	1	1
40.2363481522	TCP	274	40	1	2
32.1412551403	UDP	67	95	1	1
18.7117669582	ICMP	241	241	1	1
64.7990481853	UDP	739	576	1	1
68.6786949635	ICMP	42	42	1	1
39.793982029	TCP	1236	40	1	1
13.7139828205	TCP	285	40	1	2
20.8823959827	UDP	662	576	1	1
63.879999876	UDP	803	576	1	1
5.35405492783	TCP	561	40	1	1
30.0209448338	TCP	1248	40	1	2
73.3871788979	UDP	104	132	1	4
2.70456981659	TCP	54	40	1	1
35.432363987	TCP	1131	40	1	1
28.7537918091	UDP	256	284	1	1
13.7433831692	TCP	1147	40	1	2
10.8604691029	TCP	825	40	1	2
4.66597890854	ICMP	396	396	1	2
1.29223418236	ICMP	123	123	2	2
32.8008542061	UDP	31	59	1	1
63.8450498581	UDP	740	576	1	3
1.38300013542	ICMP	157	157	2	2
25.1399769783	ICMP	445	445	1	1
6.05163502693	UDP	688	576	1	1
13.4803130627	UDP	82	110	1	1
6.64492487907	ICMP	155	155	1	1
24.8119568825	TCP	1154	40	1	1
23.1263902187	TCP	910	40	1	3
76.5600090027	UDP	75	103	1	1
8.22985196114	UDP	887	576	1	1
68.5005948544	UDP	408	436	1	2
8.80002617836	TCP	206	40	1	2
1.25641083717	TCP	952	40	2	2
3.99066710472	ICMP	429	429	1	2
2.99524593353	TCP	499	40	1	1
3.69768500328	UDP	762	576	1	1
15.6429319382	ICMP	172	172	1	1
77.0913710594	TCP	1271	40	1	2
43.2387759686	TCP	293	40	1	1
75.8524959087	TCP	895	40	1	1
72.6306359768	TCP	664	40	1	1
30.9177858829	ICMP	594	594	1	1
1.69976305962	ICMP	452	452	2	2
42.5661559105	UDP	648	576	1	1
3.02970600128	TCP	1115	40	1	1
2.40979599953	TCP	594	40	1	2
20.3535270691	ICMP	700	700	1	1
44.1593170166	UDP	1020	576	1	1
41.3649580479	TCP	88	40	1	1
1.24148201942	TCP	768	40	2	2
17.920481205	ICMP	343	343	1	2
0.790636062622	TCP	704	40	2	2
3.23424983025	TCP	855	40	1	1
14.7193698883	TCP	1065	40	1	1
1.81012487411	TCP	1151	40	2	2
3.38817286491	TCP	203	40	1	1
31.6820280552	UDP	525	553	1	1
15.614276886	ICMP	650	650	1	1
24.0013480186	ICMP	325	325	1	1
1.39363193512	TCP	1329	40	2	3
70.879776001	ICMP	63	63	1	2
1.55376815796	TCP	514	40	2	2
7.23389792442	ICMP	638	638	1	1
1.50443601608	TCP	120	40	2	2
3.06012296677	UDP	716	576	1	1
66.8906910419	TCP	1092	40	1	1
37.5098440647	UDP	441	469	1	1
7.10556912422	ICMP	56	56	1	1
10.7726390362	ICMP	198	198	1	1
11.0745840073	TCP	917	40	1	1
39.3988111019	ICMP	200	200	1	1
16.5155799389	ICMP	376	376	1	1
65.5057530403	UDP	80	108	1	1
73.2222299576	UDP	65	93	1	1
9.18306493759	UDP	424	452	1	1
30.0419728756	ICMP	613	613	1	1
3.28160214424	TCP	765	40	1	1
14.4067089558	UDP	371	399	1	1
5.45748591423	TCP	862	40	1	1
15.4702000618	TCP	592	40	1	1
15.9855031967	TCP	1241	40	1	1
11.4822340012	ICMP	138	138	1	1
11.7920670509	ICMP	603	603	1	1
11.8299398422	ICMP	468	468	1	1
76.1838738918	TCP	717	40	1	1
13.0544610023	TCP	570	40	1	1
3.23999190331	TCP	57	40	1	1
30.2344019413	UDP	153	181	1	1
33.7846879959	TCP	584	40	1	1
0.821948051453	TCP	503	40	2	2
4.70981287956	TCP	468	40	1	1
3.73334908485	UDP	157	185	1	1
19.90148592	TCP	637	40	1	1
4.33695912361	UDP	657	576	1	1
17.8902950287	UDP	429	457	1	3
33.3366560936	ICMP	295	295	1	1
5.29981589317	TCP	1267	40	1	1
12.4861531258	ICMP	617	617	1	1
16.4164950848	ICMP	36	36	1	2
5.51868319511	TCP	994	40	1	1
8.70340394974	TCP	632	40	1	1
6.75884413719	TCP	393	40	1	1
5.88507294655	TCP	161	40	1	2
3.42677903175	ICMP	483	483	1	2
1.4870800972	TCP	867	40	2	2
76.9483530521	TCP	1064	40	1	2
2.50279211998	TCP	752	40	1	1
18.300358057	ICMP	151	151	1	1
6.8894739151	TCP	1236	40	1	1
34.9014291763	ICMP	682	682	1	1
76.6897370815	ICMP	574	574	1	1
74.050465107	ICMP	438	438	1	1
2.89296102524	TCP	1231	40	1	1
40.4502370358	TCP	268	40	1	1
6.63642597198	TCP	980	40	1	1
32.5631959438	ICMP	97	97	1	1
25.1411101818	TCP	399	40	1	1
6.03984093666	TCP	1317	40	1	1
11.4752771854	ICMP	446	446	1	1
0.587963819504	UDP	453	481	2	3
63.720664978	UDP	286	314	1	1
4.1602768898	TCP	1076	40	1	1
74.7198219299	ICMP	545	545	1	1
9.18603610992	TCP	349	40	1	1
39.1124770641	TCP	1109	40	1	1
8.77044701576	UDP	392	420	1	1
1.31506085396	ICMP	496	496	2	2
1.22587990761	UDP	902	576	2	2
13.5347509384	TCP	643	40	1	2
16.0627961159	ICMP	262	262	1	1
56.2100050449	UDP	798	576	1	1
4.22015690804	TCP	500	40	1	1
39.0244631767	TCP	950	40	1	1
3.53784799576	UDP	326	354	1	1
35.7901241779	UDP	729	576	1	2
39.9363150597	ICMP	106	106	1	1
6.49863195419	TCP	649	40	1	1
2.04732108116	UDP	918	576	1	1
64.9307200909	ICMP	693	693	1	2
4.96955800056	TCP	1035	40	1	1
39.6622920036	ICMP	248	248	1	1
17.9532511234	ICMP	179	179	1	1
0.310230016708	TCP	190	40	2	2
41.5032589436	ICMP	444	444	1	2
6.05976605415	UDP	1023	576	1	1
2.70540690422	TCP	297	40	1	1
33.9120018482	UDP	164	192	1	1
1.33047699928	TCP	1173	40	2	4
6.57528209686	TCP	250	40	1	1
1.08935689926	UDP	301	329	2	2
16.3905551434	TCP	754	40	1	1
48.4156239033	ICMP	612	612	1	1
1.73643302917	TCP	133	40	2	2
16.0037841797	TCP	1110	40	1	1
4.8904030323	TCP	518	40	1	1
10.9462938309	TCP	461	40	1	1
9.08000612259	ICMP	721	721	1	1
6.0539188385	ICMP	38	38	1	1
40.0148601532	UDP	82	110	1	1
33.3997719288	TCP	1254	40	1	1
33.3561887741	TCP	1269	40	1	1
9.97059082985	TCP	1232	40	1	1
11.736689806	TCP	361	40	1	1
39.5309360027	UDP	219	247	1	1
0.486305952072	ICMP	69	69	2	2
41.4363160133	TCP	383	40	1	1
2.92009806633	TCP	168	40	1	1
10.2158091068	ICMP	175	175	1	1
33.259873867	ICMP	470	470	1	1
6.09431886673	TCP	378	40	1	1
2.1166009903	ICMP	93	93	1	1
73.6170041561	UDP	242	270	1	1
2.09344983101	TCP	921	40	1	1
40.3647258282	ICMP	456	456	1	1
23.0698149204	ICMP	456	456	1	1
1.47178483009	ICMP	680	680	2	2
4.02427411079	UDP	365	393	1	3
1.43042087555	ICMP	283	283	2	2
71.0003621578	ICMP	95	95	1	1
0.335561990738	UDP	994	576	2	2
1.57898283005	ICMP	526	526	2	2
38.30488801	ICMP	705	705	1	2
0.32608795166	TCP	719	40	2	2
6.42269897461	ICMP	454	454	1	1
30.3639140129	ICMP	599	599	1	1
12.4111521244	ICMP	295	295	1	1
55.2212290764	ICMP	205	205	1	2
66.6035890579	ICMP	596	596	1	1
14.2692580223	TCP	407	40	1	1
77.2730190754	TCP	134	40	1	2
13.2388510704	ICMP	163	163	1	1
2.15793991089	TCP	529	40	1	1
2.99805808067	TCP	1289	40	1	1
24.7401070595	TCP	1331	40	1	1
38.7292509079	TCP	107	40	1	1
4.64969706535	ICMP	591	591	1	1
13.8561859131	TCP	1059	40	1	1
11.5213899612	TCP	1334	40	1	2
13.9871149063	TCP	165	40	1	2
17.5571730137	TCP	997	40	1	2
1.02773284912	ICMP	459	459	2	2
9.66999006271	TCP	551	40	1	1
2.57093214989	TCP	1110	40	1	1
14.4185431004	ICMP	467	467	1	2
1.76204895973	TCP	760	40	2	3
31.3539431095	ICMP	637	637	1	1
76.7943549156	UDP	544	572	1	1
8.3846950531	ICMP	233	233	1	1
67.3999547958	ICMP	413	413	1	1
41.6603589058	ICMP	719	719	1	1
73.7794790268	ICMP	493	493	1	1
12.3844609261	ICMP	414	414	1	1
14.3201830387	UDP	833	576	1	1
2.75990605354	TCP	124	40	1	1
67.0303740501	TCP	186	40	1	2
39.29002285	TCP	534	40	1	1
39.6430621147	TCP	1277	40	1	1
20.6340658665	ICMP	393	393	1	1
0.437721967697	ICMP	576	576	2	2
4.20597887039	ICMP	366	366	1	1
40.3359689713	TCP	1030	40	1	1
68.6064219475	ICMP	508	508	1	1
2.14426207542	ICMP	570	570	1	1
2.10845899582	TCP	448	40	1	2
13.1834449768	UDP	940	576	1	1
1.38230204582	TCP	1223	40	2	2
12.5683288574	TCP	993	40	1	1
9.27028989792	TCP	689	40	1	2
41.0101561546	UDP	448	476	1	1
42.6621348858	ICMP	402	402	1	1
8.77981996536	TCP	461	40	1	1
4.50646591187	TCP	1064	40	1	1
22.6837420464	TCP	352	40	1	1
30.2396550179	TCP	715	40	1	1
2.38669514656	UDP	804	576	1	1
5.42454910278	ICMP	354	354	1	1
0.343339920044	TCP	602	40	2	2
43.4311571121	ICMP	481	481	1	2
6.66026687622	TCP	785	40	1	1
21.1204559803	ICMP	111	111	1	1
76.6603059769	ICMP	290	290	1	1
4.31131911278	ICMP	239	239	1	1
11.7904281616	TCP	1207	40	1	1
0.483664989471	TCP	221	40	2	2
2.59929990768	TCP	1268	40	1	1
1.16897511482	TCP	294	40	2	2
2.19807696342	ICMP	178	178	1	2
28.6155288219	TCP	579	40	1	1
76.7928040028	TCP	431	40	1	1
41.8159990311	ICMP	655	655	1	1
0.82676410675	TCP	320	40	2	2
23.4269759655	TCP	655	40	1	1
1.13863897324	TCP	838	40	2	4
12.3853728771	TCP	1152	40	1	1
16.2763090134	UDP	1011	576	1	1
77.7096221447	ICMP	617	617	1	1
73.0392298698	ICMP	617	617	1	1
1.26603794098	TCP	504	40	2	2
40.8063521385	TCP	380	40	1	1
39.7819569111	TCP	560	40	1	1
1.4697201252	TCP	757	40	2	2
6.76616096497	TCP	1194	40	1	3
4.46211886406	TCP	364	40	1	1
43.9405858517	UDP	902	576	1	2
24.145152092	ICMP	242	242	1	1
12.649572134	TCP	1055	40	1	1
12.3496541977	ICMP	654	654	1	3
0.302435159683	TCP	41	40	2	2
1.27350997925	ICMP	216	216	2	2
5.23591589928	ICMP	618	618	1	1
3.28620696068	UDP	72	100	1	2
4.94917988777	TCP	1106	40	1	2
73.0008089542	UDP	395	423	1	1
43.5498790741	UDP	567	576	1	1
0.336495161057	UDP	403	431	2	2
47.4305779934	TCP	569	40	1	1
15.0921370983	TCP	1058	40	1	1
39.7029809952	TCP	352	40	1	2
1.13352203369	TCP	180	40	2	2
1.97526693344	ICMP	51	51	2	3
12.2803480625	TCP	241	40	1	1
30.595279932	ICMP	340	340	1	1
30.9543738365	TCP	359	40	1	1
29.9113500118	TCP	640	40	1	1
13.4298481941	UDP	94	122	1	1
2.85927700996	TCP	400	40	1	1
0.607974767685	TCP	1127	40	2	2
3.63548612595	TCP	83	40	1	1
6.07110285759	TCP	683	40	1	1
0.315973043442	ICMP	701	701	2	2
48.4900450706	ICMP	686	686	1	1
4.39652204514	TCP	223	40	1	2
0.332215070724	UDP	883	576	2	2
63.160173893	ICMP	521	521	1	1
11.108246088	UDP	374	402	1	2
4.27915692329	TCP	900	40	1	1
9.40893411636	TCP	1100	40	1	3
1.00745797157	TCP	399	40	2	2
0.325609922409	ICMP	501	501	2	2
3.6740899086	UDP	825	576	1	2
7.85409998894	ICMP	398	398	1	2
19.4975709915	TCP	993	40	1	1
75.0602388382	TCP	1173	40	1	1
9.33743405342	ICMP	198	198	1	1
11.2636129856	UDP	939	576	1	1
30.1407139301	UDP	390	418	1	1
68.6296789646	ICMP	303	303	1	1
12.0728080273	UDP	739	576	1	1
6.18095588684	UDP	492	520	1	1
14.3620049953	TCP	1168	40	1	1
9.95982503891	UDP	641	576	1	1
6.24298501015	UDP	755	576	1	1
9.65299892426	TCP	1338	40	1	1
16.3028559685	ICMP	327	327	1	1
10.1243329048	TCP	851	40	1	1
4.46499800682	TCP	977	40	1	1
2.93067598343	ICMP	351	351	1	1
6.77821087837	TCP	109	40	1	1
9.8694999218	TCP	286	40	1	1
2.8235039711	UDP	545	573	1	2
4.04010415077	TCP	867	40	1	1
72.930439949	TCP	611	40	1	1
76.5753209591	TCP	253	40	1	1
47.6113910675	UDP	192	220	1	2
15.9897139072	TCP	389	40	1	2
3.21218395233	ICMP	296	296	1	1
4.53980708122	UDP	817	576	1	1
4.34128689766	UDP	660	576	1	2
30.7288451195	TCP	542	40	1	1
0.334650993347	TCP	818	40	2	2
4.10984492302	TCP	904	40	1	2
12.5704381466	TCP	164	40	1	1
44.3110229969	UDP	38	66	1	1
40.0164449215	TCP	410	40	1	1
53.3304920197	ICMP	508	508	1	1
17.3022401333	TCP	513	40	1	1
3.21239495277	TCP	1007	40	1	1
68.9193658829	ICMP	297	297	1	1
37.604434967	ICMP	150	150	1	1
6.93158197403	ICMP	85	85	1	1
64.9962720871	TCP	785	40	1	1
75.3198418617	ICMP	153	153	1	1
1.20869994164	TCP	320	40	2	2
40.8564319611	ICMP	409	409	1	1
5.17817187309	TCP	270	40	1	1
6.79379487038	UDP	74	102	1	1
32.4052829742	ICMP	358	358	1	1
62.3699040413	TCP	1248	40	1	2
41.7021410465	ICMP	555	555	1	1
33.4697589874	TCP	512	40	1	1
11.2853469849	ICMP	205	205	1	1
9.47768712044	ICMP	502	502	1	2
40.1917982101	UDP	230	258	1	1
4.07431387901	UDP	233	261	1	1
16.003262043	UDP	524	552	1	1
35.7630739212	TCP	983	40	1	1
0.564915895462	ICMP	506	506	2	2
10.2699279785	TCP	890	40	1	1
16.5354800224	TCP	102	40	1	1
2.8805270195	TCP	395	40	1	3
32.4709439278	ICMP	217	217	1	1
0.746971845627	TCP	984	40	2	2
8.35228896141	TCP	382	40	1	1
1.64828705788	TCP	913	40	2	4
38.265900135	ICMP	276	276	1	1
9.40436196327	UDP	461	489	1	1
15.4000689983	TCP	65	40	1	1
78.4496839046	ICMP	322	322	1	1
31.5225071907	TCP	166	40	1	1
48.0009810925	TCP	945	40	1	1
25.5366411209	TCP	945	40	1	1
71.4302229881	UDP	91	119	1	1
6.46769285202	UDP	86	114	1	1
72.0403900146	UDP	497	525	1	1
6.92333006859	TCP	769	40	1	1
25.1307520866	UDP	416	444	1	2
1.69486999512	TCP	544	40	2	2
14.0537848473	ICMP	487	487	1	2
9.91294884682	TCP	605	40	1	1
0.98255610466	ICMP	188	188	2	2
30.0115449429	TCP	894	40	1	1
8.90907096863	TCP	796	40	1	1
7.26329278946	TCP	477	40	1	1
0.575155973434	TCP	1030	40	2	2
2.13913393021	TCP	1192	40	1	1
12.8305239677	TCP	458	40	1	1
10.7390539646	TCP	166	40	1	1
47.5106728077	ICMP	313	313	1	1
27.28987813	ICMP	238	238	1	1
1.24526500702	TCP	1057	40	2	2
10.405121088	TCP	1106	40	1	2
0.325132846832	ICMP	317	317	2	2
11.523070097	TCP	270	40	1	2
68.5117328167	TCP	488	40	1	1
67.3704118729	TCP	919	40	1	2
1.75445008278	UDP	324	352	2	2
31.3241159916	ICMP	212	212	1	1
77.2395949364	TCP	658	40	1	1
9.73706293106	ICMP	669	669	1	1
4.43263792992	ICMP	190	190	1	1
5.39499592781	TCP	111	40	1	1
35.1300170422	TCP	193	40	1	1
39.756275177	TCP	360	40	1	1
31.7024488449	UDP	972	576	1	1
76.5852451324	TCP	950	40	1	1
35.0728538036	ICMP	399	399	1	2
1.43637514114	ICMP	44	44	2	3
10.8026790619	TCP	1164	40	1	2
1.29843306541	UDP	114	142	2	2
4.28534197807	TCP	832	40	1	1
1.83768081665	TCP	838	40	2	3
1.86608505249	UDP	134	162	2	2
16.0075061321	UDP	376	404	1	1
10.0419130325	UDP	137	165	1	1
10.879789114	ICMP	102	102	1	1
70.7005879879	ICMP	482	482	1	1
0.53578710556	UDP	487	515	2	2
3.49409008026	UDP	353	381	1	1
2.80318713188	ICMP	411	411	1	1
12.6310069561	UDP	179	207	1	1
0.309706926346	ICMP	597	597	2	2
43.8365199566	TCP	1337	40	1	1
5.18008184433	UDP	865	576	1	1
12.6827440262	TCP	514	40	1	1
17.7915370464	TCP	1307	40	1	1
1.32739305496	UDP	718	576	2	3
3.41439795494	TCP	1091	40	1	1
77.119800806	TCP	364	40	1	1
6.12028193474	TCP	556	40	1	1
15.204059124	ICMP	561	561	1	1
9.58726596832	TCP	771	40	1	1
2.99683904648	UDP	887	576	1	1
32.6244130135	TCP	829	40	1	1
28.9997911453	TCP	349	40	1	1
1.29174399376	ICMP	630	630	2	2
5.80723690987	UDP	433	461	1	2
30.7693419456	ICMP	542	542	1	1
19.5197629929	TCP	597	40	1	1
76.5405571461	ICMP	274	274	1	1
32.1858079433	UDP	102	130	1	1
23.8038768768	UDP	727	576	1	1
29.7286019325	TCP	595	40	1	1
8.28937792778	TCP	1113	40	1	1
8.00992488861	UDP	230	258	1	1
40.9570930004	TCP	236	40	1	1
5.20032191277	TCP	125	40	1	1
17.3411250114	TCP	372	40	1	1
25.0615458488	UDP	814	576	1	1
9.62446904182	ICMP	616	616	1	1
16.5002939701	ICMP	96	96	1	1
1.96046900749	ICMP	709	709	2	2
