2.24981594086	TCP	556	40	1	12
0.000488996505737	TCP	166	40	2	27
0.000600099563599	TCP	937	40	2	17
0.000543832778931	TCP	776	40	2	17
0.00191807746887	UDP	896	576	2	26
0.000502109527588	TCP	89	40	2	7
0.000535011291504	TCP	1194	40	2	22
0.000535011291504	ICMP	286	286	2	23
0.000488996505737	ICMP	263	263	2	28
0.000445127487183	TCP	936	40	2	18
0.000547885894775	TCP	189	40	2	31
0.000616073608398	ICMP	119	119	2	22
0.000727891921997	ICMP	711	711	2	44
0.000694036483765	ICMP	96	96	2	10
0.000430107116699	TCP	944	40	2	35
0.000626087188721	ICMP	245	245	2	14
0.000581026077271	ICMP	228	228	2	16
0.000578880310059	ICMP	90	90	2	12
0.000769138336182	ICMP	461	461	2	13
0.00050687789917	ICMP	630	630	2	25
0.000597953796387	TCP	1146	40	2	6
0.000483989715576	TCP	150	40	2	12
0.0386199951172	UDP	442	470	2	52
0.000461101531982	TCP	597	40	2	11
0.000476121902466	TCP	961	40	2	24
0.000532865524292	ICMP	101	101	2	6
0.000504970550537	ICMP	164	164	2	17
0.00150012969971	ICMP	305	305	2	13
0.00232601165771	ICMP	134	134	2	25
0.000890970230103	UDP	558	576	2	22
0.00107502937317	ICMP	352	352	2	37
0.000823020935059	TCP	995	40	2	20
0.00242900848389	ICMP	52	52	2	29
0.00117301940918	UDP	836	576	2	24
0.000756978988647	TCP	247	40	2	16
0.000484943389893	TCP	329	40	2	25
0.00107502937317	TCP	1278	40	2	26
0.000516176223755	TCP	1133	40	2	33
0.000879049301147	UDP	224	252	2	20
0.000787019729614	UDP	573	576	2	46
0.000440835952759	TCP	49	40	2	30
0.000936985015869	UDP	29	57	2	21
0.000648021697998	ICMP	625	625	2	18
0.000540971755981	TCP	514	40	2	17
0.000520944595337	TCP	1230	40	2	21
0.000439882278442	TCP	918	40	2	25
0.000555992126465	ICMP	45	45	2	4
0.000736951828003	TCP	1081	40	2	19
0.000510931015015	TCP	51	40	2	21
0.000494003295898	ICMP	446	446	2	10
0.00104784965515	UDP	179	207	2	18
0.000838994979858	UDP	482	510	2	10
0.000469207763672	TCP	680	40	2	16
0.000491857528687	ICMP	708	708	2	14
0.00263905525208	UDP	935	576	2	19
0.000514030456543	TCP	198	40	2	17
0.00185680389404	TCP	247	40	2	16
0.000452995300293	TCP	506	40	2	24
0.000744819641113	ICMP	380	380	2	28
0.000807046890259	UDP	1028	576	2	20
0.000693082809448	TCP	1229	40	2	24
0.000848054885864	UDP	52	80	2	20
0.000599145889282	ICMP	387	387	2	18
0.000527858734131	ICMP	589	589	2	4
0.000685930252075	ICMP	554	554	2	6
0.000481128692627	ICMP	180	180	2	26
0.000552892684937	TCP	402	40	2	3
0.000868082046509	UDP	138	166	2	14
0.000516891479492	ICMP	280	280	2	22
0.000521898269653	ICMP	226	226	2	7
0.00048303604126	TCP	236	40	2	10
0.000465154647827	TCP	758	40	2	20
0.000464916229248	TCP	412	40	2	20
0.000647068023682	TCP	494	40	2	26
0.000818967819214	UDP	428	456	2	13
0.000502824783325	TCP	280	40	2	29
0.00064492225647	ICMP	386	386	2	6
0.000466108322144	ICMP	220	220	2	28
0.000636100769043	ICMP	291	291	2	34
0.00054407119751	TCP	441	40	2	14
0.000763893127441	ICMP	493	493	2	20
0.00163388252258	ICMP	536	536	2	21
0.000887870788574	UDP	897	576	2	7
0.000556945800781	TCP	547	40	2	15
0.00089693069458	UDP	580	576	2	22
0.000473976135254	TCP	1296	40	2	15
0.000843048095703	UDP	648	576	2	14
0.000489950180054	ICMP	120	120	2	28
0.00062894821167	TCP	649	40	2	6
0.000597953796387	TCP	1184	40	2	18
0.000418901443481	TCP	945	40	2	22
0.000940084457397	UDP	897	576	2	16
0.000828981399536	UDP	954	576	2	12
0.000475168228149	TCP	741	40	2	8
0.00116610527039	UDP	107	135	2	7
0.000651121139526	ICMP	125	125	2	20
0.000565052032471	ICMP	144	144	2	18
0.000946998596191	UDP	950	576	2	48
0.000497817993164	TCP	404	40	2	11
0.000462055206299	TCP	763	40	2	12
0.000494003295898	TCP	1078	40	2	20
0.000516891479492	TCP	346	40	2	22
0.000623941421509	ICMP	376	376	2	23
0.000718116760254	ICMP	265	265	2	29
0.000962972640991	UDP	454	482	2	18
0.0016348361969	TCP	583	40	2	8
0.000876903533936	UDP	238	266	2	12
0.000886917114258	UDP	606	576	2	21
0.000998020172119	ICMP	223	223	2	25
0.000814914703369	TCP	919	40	2	11
0.000725984573364	TCP	1118	40	2	16
0.000450849533081	TCP	989	40	2	15
0.000629901885986	ICMP	112	112	2	16
0.000478982925415	ICMP	126	126	2	23
0.000699043273926	ICMP	494	494	2	9
0.00113701820374	ICMP	722	722	2	20
0.000787019729614	UDP	623	576	2	19
0.000759124755859	UDP	330	358	2	28
0.00054407119751	ICMP	434	434	2	16
0.000893115997314	UDP	151	179	2	19
0.0111951828003	TCP	899	40	2	14
0.00047492980957	TCP	1095	40	2	36
0.000806093215942	UDP	590	576	2	12
0.000720024108887	ICMP	678	678	2	9
0.000700950622559	ICMP	31	31	2	32
0.000533103942871	ICMP	635	635	2	33
0.00061297416687	ICMP	76	76	2	17
0.000723838806152	ICMP	671	671	2	44
0.000534057617188	ICMP	153	153	2	11
0.000525951385498	ICMP	348	348	2	26
0.00111079216003	UDP	552	576	2	12
0.000712156295776	ICMP	37	37	2	29
0.000501871109009	TCP	1110	40	2	15
0.00055718421936	ICMP	406	406	2	9
0.000725030899048	ICMP	273	273	2	16
0.000601053237915	ICMP	568	568	2	20
0.000530004501343	TCP	639	40	2	48
0.000631093978882	TCP	748	40	2	7
0.000816106796265	UDP	528	556	2	20
0.000492095947266	TCP	1016	40	2	25
0.00579500198364	ICMP	296	296	2	10
0.000728130340576	TCP	333	40	2	8
0.00309205055237	TCP	815	40	2	11
0.000437021255493	TCP	424	40	2	20
0.000478982925415	TCP	1261	40	2	2
0.0874152183533	TCP	330	40	2	26
0.00063419342041	ICMP	226	226	2	12
0.00102305412292	TCP	537	40	2	18
0.000541925430298	ICMP	136	136	2	22
0.00058913230896	ICMP	296	296	2	18
0.000407934188843	TCP	623	40	2	11
0.000467777252197	TCP	1064	40	2	8
0.000496864318848	TCP	637	40	2	4
0.000574111938477	TCP	419	40	2	14
0.000751972198486	TCP	1006	40	2	16
0.000648021697998	TCP	1048	40	2	4
0.000633001327515	ICMP	307	307	2	41
0.000856876373291	UDP	846	576	2	13
0.000530958175659	TCP	844	40	2	20
0.000455141067505	TCP	818	40	2	5
0.0011579990387	UDP	124	152	2	22
0.000636100769043	TCP	1209	40	2	12
0.000611066818237	ICMP	515	515	2	18
0.000878095626831	UDP	541	569	2	19
0.000874042510986	UDP	673	576	2	10
0.000529050827026	ICMP	704	704	2	16
0.000777959823608	UDP	886	576	2	2
0.000730037689209	ICMP	636	636	2	6
0.00116896629333	TCP	1335	40	2	22
0.000586986541748	TCP	903	40	2	21
0.000524997711182	ICMP	83	83	2	24
0.000444173812866	TCP	1005	40	2	30
0.000530004501343	TCP	242	40	2	13
0.000602960586548	TCP	980	40	2	44
0.00106406211853	UDP	672	576	2	8
0.000690221786499	ICMP	488	488	2	6
0.00113201141357	UDP	60	88	2	7
0.000483989715576	ICMP	377	377	2	30
0.000905990600586	ICMP	251	251	2	10
0.00141286849976	TCP	449	40	2	13
0.0024790763855	ICMP	488	488	2	18
0.0287179946899	UDP	936	576	2	34
0.0048840045929	ICMP	539	539	2	4
0.000479936599731	TCP	503	40	2	2
0.00641584396362	TCP	423	40	2	20
0.00104880332947	UDP	725	576	2	7
0.000566005706787	TCP	233	40	2	24
0.00051212310791	TCP	457	40	2	11
0.000516176223755	ICMP	421	421	2	22
0.000599145889282	TCP	841	40	2	14
0.00123190879822	UDP	589	576	2	20
0.000550031661987	TCP	152	40	2	13
0.0040111541748	UDP	934	576	2	6
0.00195288658142	ICMP	390	390	2	20
0.0013439655304	TCP	703	40	2	19
0.000931024551392	UDP	420	448	2	21
0.000447034835815	TCP	1239	40	2	6
0.00066614151001	ICMP	65	65	2	19
0.000684976577759	TCP	683	40	2	8
0.00349497795105	UDP	591	576	2	20
0.000450849533081	TCP	941	40	2	14
0.000846862792969	ICMP	312	312	2	13
0.000858068466187	UDP	475	503	2	6
0.000647068023682	ICMP	623	623	2	6
0.000552177429199	ICMP	326	326	2	7
0.000463008880615	TCP	504	40	2	7
0.000493049621582	ICMP	595	595	2	22
0.00092601776123	UDP	831	576	2	12
0.000447034835815	TCP	1235	40	2	10
0.226413965225	TCP	464	40	2	29
0.000514030456543	ICMP	402	402	2	25
0.000818967819214	UDP	942	576	2	28
0.000577926635742	ICMP	96	96	2	49
0.000690937042236	TCP	1090	40	2	22
0.000496864318848	ICMP	554	554	2	14
0.000766038894653	ICMP	470	470	2	43
0.00245189666748	ICMP	338	338	2	4
0.000651836395264	TCP	1177	40	2	36
0.000688791275024	ICMP	146	146	2	12
0.000504016876221	TCP	1054	40	2	20
0.000558137893677	ICMP	686	686	2	10
0.000946998596191	TCP	932	40	2	22
0.000468969345093	TCP	294	40	2	16
0.000910043716431	UDP	771	576	2	18
0.000479936599731	TCP	670	40	2	14
0.000988006591797	UDP	205	233	2	21
1.425355196	ICMP	539	539	2	17
0.000521898269653	TCP	1004	40	2	16
0.00114107131958	ICMP	720	720	2	25
0.000831127166748	TCP	917	40	2	18
0.000970125198364	ICMP	332	332	2	16
0.000802993774414	UDP	87	115	2	36
0.0015070438385	TCP	739	40	2	30
0.00345492362976	TCP	435	40	2	21
0.000570058822632	TCP	508	40	2	26
0.000546932220459	TCP	1179	40	2	18
2.45185184479	TCP	641	40	1	17
0.000447034835815	TCP	264	40	2	24
0.00072193145752	TCP	354	40	2	12
0.000687837600708	ICMP	357	357	2	11
0.000868082046509	UDP	886	576	2	13
0.00048303604126	ICMP	359	359	2	21
0.000778913497925	TCP	947	40	2	12
0.000601053237915	TCP	1110	40	2	24
0.00134587287903	UDP	71	99	2	19
0.000426054000854	TCP	492	40	2	31
0.000552892684937	ICMP	601	601	2	22
0.000760078430176	UDP	999	576	2	21
0.000627040863037	ICMP	67	67	2	20
0.000880002975464	UDP	881	576	2	29
0.000620126724243	ICMP	291	291	2	16
0.000581979751587	TCP	464	40	2	4
0.00591206550598	UDP	312	340	2	20
0.0024778842926	ICMP	433	433	2	8
0.000504970550537	ICMP	396	396	2	16
0.000535011291504	TCP	471	40	2	21
0.000509977340698	ICMP	234	234	2	18
0.00092887878418	UDP	920	576	2	16
0.000466108322144	TCP	747	40	2	41
0.000717163085938	TCP	1249	40	2	9
0.000555992126465	TCP	1281	40	2	15
0.000807046890259	UDP	731	576	2	16
0.000591039657593	TCP	1062	40	2	12
0.000424861907959	TCP	962	40	2	22
0.000461101531982	TCP	994	40	2	6
0.000434875488281	TCP	301	40	2	19
0.00263690948486	TCP	902	40	2	21
0.000756978988647	TCP	996	40	2	12
0.000466823577881	TCP	216	40	2	14
0.000416040420532	TCP	1324	40	2	22
0.000827074050903	UDP	880	576	2	14
0.000663042068481	TCP	158	40	2	24
0.000533103942871	TCP	214	40	2	14
0.000578880310059	ICMP	125	125	2	25
0.000563859939575	ICMP	186	186	2	12
0.000692844390869	TCP	1077	40	2	24
0.000637054443359	ICMP	420	420	2	8
0.00115418434143	ICMP	215	215	2	20
0.000446796417236	TCP	917	40	2	34
0.000566005706787	TCP	347	40	2	22
0.000531911849976	TCP	617	40	2	37
0.0119450092316	ICMP	286	286	2	12
0.000540971755981	ICMP	577	577	2	28
0.00046181678772	TCP	576	40	2	19
0.000786066055298	UDP	38	66	2	29
0.000476121902466	ICMP	172	172	2	28
0.00441694259644	TCP	531	40	2	31
0.000672817230225	TCP	163	40	2	34
0.000547885894775	TCP	401	40	2	18
0.000558853149414	ICMP	447	447	2	35
0.000653028488159	ICMP	246	246	2	20
0.00053596496582	TCP	1278	40	2	14
0.00243091583252	TCP	849	40	2	2
0.000464916229248	TCP	1014	40	2	19
0.00049090385437	TCP	924	40	2	21
0.000550985336304	ICMP	462	462	2	32
0.000619888305664	ICMP	508	508	2	3
0.00106906890869	UDP	59	87	2	10
0.000525951385498	TCP	140	40	2	16
0.00927901268005	TCP	219	40	2	51
0.000618934631348	TCP	784	40	2	13
0.00130295753479	ICMP	663	663	2	26
0.00123119354248	UDP	656	576	2	10
0.000504016876221	TCP	76	40	2	13
0.000630140304565	ICMP	500	500	2	27
0.00055193901062	TCP	556	40	2	2
0.000509023666382	TCP	728	40	2	8
0.000751972198486	TCP	1064	40	2	47
0.00105690956116	UDP	55	83	2	13
0.000550031661987	TCP	498	40	2	18
0.000543832778931	TCP	450	40	2	4
0.000526189804077	ICMP	227	227	2	8
0.00049090385437	TCP	790	40	2	20
0.00227999687195	TCP	495	40	2	4
0.000919103622437	ICMP	83	83	2	28
0.000854015350342	UDP	81	109	2	23
0.000586032867432	ICMP	672	672	2	6
0.000537157058716	TCP	703	40	2	18
0.00046706199646	TCP	941	40	2	10
0.000577926635742	ICMP	200	200	2	18
0.00102686882019	UDP	455	483	2	8
0.000910997390747	ICMP	687	687	2	6
0.000727891921997	TCP	348	40	2	9
0.000483989715576	TCP	734	40	2	24
0.000519037246704	ICMP	350	350	2	18
0.000769853591919	TCP	611	40	2	33
0.000633001327515	TCP	325	40	2	10
0.000555992126465	ICMP	561	561	2	18
0.000565052032471	TCP	670	40	2	15
0.000545024871826	TCP	994	40	2	18
0.000645875930786	TCP	1237	40	2	15
0.000935077667236	UDP	73	101	2	24
0.000547170639038	ICMP	419	419	2	6
0.000411987304688	TCP	1298	40	2	27
0.000874042510986	UDP	158	186	2	30
0.000669002532959	ICMP	611	611	2	10
0.00059700012207	ICMP	470	470	2	31
0.00156998634338	UDP	508	536	2	21
0.00184798240662	TCP	1047	40	2	26
0.000679016113281	TCP	667	40	2	31
0.000762939453125	ICMP	50	50	2	27
0.000838041305542	ICMP	126	126	2	14
0.000619173049927	ICMP	480	480	2	24
0.000433921813965	TCP	1093	40	2	16
0.000511884689331	ICMP	298	298	2	27
0.00199818611145	UDP	748	576	2	3
0.00106000900269	ICMP	473	473	2	14
0.00102400779724	ICMP	451	451	2	6
0.00056791305542	TCP	655	40	2	6
0.000636100769043	TCP	831	40	2	24
0.000588893890381	ICMP	53	53	2	18
0.00053596496582	ICMP	296	296	2	17
0.000542163848877	TCP	1129	40	2	2
0.000576972961426	ICMP	179	179	2	12
0.000603914260864	ICMP	323	323	2	9
0.000591039657593	TCP	691	40	2	15
0.000438928604126	TCP	404	40	2	21
0.000620126724243	ICMP	182	182	2	45
0.000542879104614	ICMP	474	474	2	4
0.000445127487183	TCP	1229	40	2	48
0.000730991363525	TCP	1302	40	2	10
0.000533103942871	ICMP	352	352	2	33
0.000703096389771	TCP	1283	40	2	5
0.000733137130737	UDP	501	529	2	28
0.00056004524231	TCP	964	40	2	10
0.00052285194397	ICMP	622	622	2	20
0.000777959823608	ICMP	65	65	2	20
0.00098705291748	TCP	509	40	2	40
0.000723123550415	TCP	217	40	2	14
0.000786066055298	UDP	680	576	2	2
0.00058913230896	ICMP	343	343	2	18
0.000657081604004	ICMP	490	490	2	8
0.000468969345093	TCP	53	40	2	20
0.000597953796387	TCP	305	40	2	28
0.00064492225647	ICMP	259	259	2	18
0.000489950180054	TCP	458	40	2	8
0.000487804412842	TCP	1321	40	2	18
0.000574111938477	ICMP	728	728	2	19
0.103719949722	TCP	1005	40	2	11
0.000433921813965	TCP	1172	40	2	18
0.000667095184326	ICMP	715	715	2	18
0.000514030456543	ICMP	261	261	2	19
0.000539064407349	TCP	349	40	2	10
0.00088095664978	UDP	648	576	2	16
0.00939893722534	UDP	932	576	2	17
0.000397920608521	TCP	788	40	2	16
0.000524044036865	TCP	122	40	2	15
0.000487089157104	TCP	144	40	2	30
0.000784873962402	UDP	217	245	2	23
0.000915050506592	UDP	901	576	2	8
0.000818014144897	UDP	769	576	2	6
0.00142288208008	UDP	1014	576	2	17
0.00825595855713	TCP	162	40	2	2
0.000668048858643	ICMP	107	107	2	14
0.000557899475098	TCP	966	40	2	19
0.00054407119751	ICMP	313	313	2	18
0.000440835952759	TCP	667	40	2	19
0.000708103179932	ICMP	212	212	2	12
0.000566005706787	TCP	89	40	2	18
0.376794099808	TCP	610	40	2	25
0.00258803367615	TCP	500	40	2	12
0.000532865524292	TCP	581	40	2	6
0.000493049621582	ICMP	159	159	2	46
0.000553846359253	ICMP	309	309	2	26
0.000488996505737	TCP	557	40	2	35
0.000607013702393	ICMP	702	702	2	21
0.190910100937	TCP	265	40	2	30
0.000891923904419	UDP	57	85	2	4
0.00253987312317	TCP	243	40	2	30
0.00049090385437	TCP	721	40	2	31
0.000529050827026	TCP	681	40	2	18
0.00118398666382	UDP	353	381	2	24
0.00067400932312	ICMP	376	376	2	14
0.000540971755981	TCP	731	40	2	20
0.000486850738525	TCP	201	40	2	41
0.00100421905518	UDP	125	153	2	18
0.000773906707764	TCP	951	40	2	14
0.000547885894775	TCP	731	40	2	24
0.000589847564697	ICMP	468	468	2	51
0.000438928604126	TCP	896	40	2	21
0.00084114074707	UDP	432	460	2	24
0.000607967376709	ICMP	178	178	2	30
0.14742398262	ICMP	162	162	2	7
0.00239205360413	TCP	385	40	2	4
0.000914096832275	UDP	907	576	2	16
0.000555992126465	TCP	943	40	2	11
0.154330968857	ICMP	113	113	2	31
0.000549077987671	TCP	795	40	2	9
0.000500202178955	TCP	1319	40	2	15
0.000530958175659	ICMP	128	128	2	5
0.000617027282715	ICMP	172	172	2	18
0.000494003295898	TCP	517	40	2	33
0.000641107559204	ICMP	433	433	2	9
0.001384973526	TCP	1065	40	2	20
0.000449180603027	TCP	1169	40	2	23
0.00080394744873	UDP	1022	576	2	18
0.000501871109009	TCP	963	40	2	18
0.00050687789917	ICMP	451	451	2	9
0.000545024871826	TCP	1077	40	2	15
0.000444173812866	TCP	229	40	2	16
0.000985860824585	UDP	577	576	2	18
0.000655889511108	TCP	672	40	2	20
0.000576972961426	ICMP	65	65	2	15
0.00057315826416	TCP	1110	40	2	20
0.000590085983276	TCP	130	40	2	6
0.000459909439087	TCP	653	40	2	29
0.00057315826416	TCP	787	40	2	8
0.000446796417236	TCP	1339	40	2	25
0.000468969345093	TCP	1276	40	2	2
0.000559091567993	TCP	548	40	2	20
0.000591039657593	ICMP	41	41	2	12
0.000563144683838	ICMP	474	474	2	2
0.000475883483887	TCP	894	40	2	28
0.00113391876221	UDP	276	304	2	18
0.000751972198486	ICMP	345	345	2	12
0.000633001327515	ICMP	102	102	2	12
0.000811815261841	UDP	425	453	2	20
0.000596046447754	ICMP	232	232	2	22
0.00080394744873	TCP	310	40	2	9
0.00059700012207	ICMP	50	50	2	12
0.000586032867432	TCP	671	40	2	18
0.000588893890381	TCP	40	40	2	14
0.00256991386414	TCP	756	40	2	6
0.000762939453125	UDP	60	88	2	12
0.000690937042236	ICMP	80	80	2	2
0.000566959381104	TCP	1137	40	2	30
0.000600099563599	ICMP	554	554	2	21
0.276025056839	TCP	916	40	2	9
0.000820875167847	TCP	654	40	2	2
0.000908136367798	TCP	1074	40	2	23
0.00498008728027	ICMP	28	28	2	33
0.000767946243286	UDP	317	345	2	16
0.000859975814819	UDP	989	576	2	14
0.000699996948242	TCP	297	40	2	22
0.000580072402954	TCP	282	40	2	10
0.000652074813843	TCP	279	40	2	33
0.00044584274292	TCP	1161	40	2	36
0.000952005386353	TCP	560	40	2	16
0.000550985336304	TCP	1018	40	2	28
0.000530004501343	TCP	1134	40	2	10
0.000455141067505	TCP	619	40	2	2
0.000863075256348	UDP	244	272	2	39
0.000535011291504	TCP	1323	40	2	4
0.00052809715271	TCP	1242	40	2	10
0.000595092773438	ICMP	164	164	2	10
0.000806093215942	TCP	73	40	2	8
0.000995874404907	TCP	102	40	2	16
0.00499892234802	UDP	101	129	2	18
0.000653028488159	ICMP	98	98	2	33
0.00171804428101	UDP	865	576	2	18
0.000868082046509	ICMP	508	508	2	24
2.49159812927	ICMP	433	433	1	16
2.40509009361	ICMP	67	67	1	18
0.000617027282715	ICMP	51	51	2	22
0.000910997390747	UDP	198	226	2	2
0.000880002975464	ICMP	538	538	2	15
0.000491142272949	TCP	602	40	2	11
0.000918865203857	UDP	599	576	2	18
0.000463962554932	TCP	475	40	2	24
0.00053596496582	TCP	1030	40	2	44
0.000468969345093	TCP	473	40	2	10
0.000540018081665	ICMP	276	276	2	18
0.308169841766	ICMP	434	434	2	27
0.000427007675171	TCP	446	40	2	20
0.000416994094849	TCP	53	40	2	21
0.000494956970215	ICMP	166	166	2	12
0.000615119934082	ICMP	363	363	2	40
0.00622797012329	ICMP	57	57	2	32
0.000583171844482	ICMP	708	708	2	40
0.000532865524292	ICMP	58	58	2	35
0.00108480453491	UDP	314	342	2	34
0.000582933425903	TCP	151	40	2	16
0.000779151916504	UDP	294	322	2	20
0.000777006149292	ICMP	725	725	2	2
0.000546932220459	TCP	716	40	2	13
0.000699996948242	ICMP	648	648	2	26
0.000602960586548	TCP	866	40	2	22
0.000548124313354	TCP	721	40	2	12
0.000479936599731	TCP	1166	40	2	22
0.000622987747192	TCP	180	40	2	26
2.30113792419	TCP	900	40	1	11
0.000581026077271	TCP	916	40	2	8
0.000542163848877	TCP	148	40	2	18
0.000507116317749	TCP	600	40	2	19
0.000483989715576	TCP	475	40	2	26
0.000855922698975	UDP	514	542	2	18
0.000465154647827	TCP	856	40	2	10
0.000799894332886	UDP	770	576	2	12
0.000752925872803	ICMP	623	623	2	28
0.000602960586548	ICMP	634	634	2	17
0.000533103942871	TCP	1266	40	2	25
2.11244177818	TCP	61	40	1	15
0.000576972961426	ICMP	339	339	2	25
0.000494956970215	TCP	1234	40	2	23
0.000545978546143	ICMP	122	122	2	19
0.000749111175537	UDP	66	94	2	8
0.000813007354736	UDP	72	100	2	14
0.000601053237915	ICMP	722	722	2	10
0.00241804122925	TCP	210	40	2	20
0.000519037246704	TCP	523	40	2	16
0.000722885131836	ICMP	117	117	2	20
0.000607013702393	TCP	424	40	2	21
0.000815868377686	UDP	344	372	2	12
0.00114798545837	ICMP	44	44	2	20
0.000777006149292	TCP	189	40	2	13
0.000649929046631	TCP	1265	40	2	20
0.00090503692627	UDP	140	168	2	16
0.000596046447754	ICMP	39	39	2	22
0.000904083251953	UDP	520	548	2	10
0.000570058822632	ICMP	582	582	2	18
0.000519037246704	ICMP	670	670	2	27
0.000608921051025	TCP	390	40	2	27
0.000858068466187	UDP	830	576	2	20
0.000491857528687	TCP	1076	40	2	19
0.000517845153809	TCP	848	40	2	21
0.000769138336182	TCP	631	40	2	18
0.000572919845581	ICMP	695	695	2	14
0.000647068023682	ICMP	570	570	2	18
0.000561952590942	ICMP	488	488	2	18
0.000525951385498	TCP	655	40	2	33
0.000625848770142	TCP	987	40	2	8
0.00116205215454	UDP	615	576	2	21
1.87524199486	TCP	1242	40	2	21
0.00256514549255	TCP	162	40	2	16
0.000524044036865	ICMP	625	625	2	11
0.00721192359924	UDP	482	510	2	28
0.000577211380005	TCP	599	40	2	2
0.000935792922974	ICMP	326	326	2	14
0.000453948974609	TCP	379	40	2	16
0.000621795654297	ICMP	497	497	2	39
0.00110101699829	UDP	568	576	2	17
0.000668048858643	ICMP	505	505	2	14
0.00457906723022	TCP	459	40	2	26
0.000527858734131	TCP	106	40	2	16
0.000481128692627	TCP	1340	40	2	17
0.000676870346069	ICMP	294	294	2	14
0.000514030456543	TCP	555	40	2	15
0.000548839569092	TCP	246	40	2	26
0.000589847564697	TCP	1302	40	2	34
0.00103807449341	UDP	72	100	2	30
0.000957012176514	UDP	796	576	2	44
0.000504970550537	TCP	1100	40	2	22
0.000418901443481	TCP	503	40	2	22
0.000527143478394	TCP	469	40	2	22
0.000826120376587	UDP	646	576	2	12
0.00120091438293	UDP	506	534	2	12
0.000838041305542	UDP	1008	576	2	22
0.000473976135254	TCP	1203	40	2	26
0.000428915023804	TCP	551	40	2	24
0.00042200088501	TCP	171	40	2	16
0.000494956970215	TCP	81	40	2	22
0.000723838806152	TCP	400	40	2	16
0.000940084457397	ICMP	681	681	2	36
0.000649929046631	TCP	1211	40	2	14
0.000530958175659	TCP	1331	40	2	6
0.000865936279297	UDP	249	277	2	24
0.00109887123108	UDP	843	576	2	18
0.00052809715271	ICMP	271	271	2	19
0.000566005706787	TCP	1071	40	2	32
0.000613927841187	ICMP	282	282	2	28
0.000954151153564	UDP	469	497	2	27
0.000458002090454	TCP	768	40	2	23
0.000441074371338	TCP	390	40	2	18
0.00115394592285	TCP	877	40	2	19
0.000825881958008	UDP	658	576	2	19
0.000603914260864	ICMP	241	241	2	20
0.00132012367249	UDP	267	295	2	23
0.000514030456543	TCP	1206	40	2	24
0.000555992126465	ICMP	155	155	2	12
0.00186991691589	TCP	207	40	2	2
0.000533103942871	TCP	88	40	2	23
0.000830888748169	ICMP	584	584	2	6
0.00054407119751	ICMP	572	572	2	14
0.000522136688232	TCP	322	40	2	19
0.000446796417236	TCP	838	40	2	24
0.000769138336182	UDP	928	576	2	23
0.000535011291504	ICMP	305	305	2	33
0.000909090042114	UDP	587	576	2	14
0.00114607810974	TCP	1025	40	2	16
0.000586986541748	ICMP	446	446	2	2
0.000507831573486	ICMP	433	433	2	12
0.00062108039856	ICMP	628	628	2	16
0.000504970550537	TCP	759	40	2	2
0.000453948974609	TCP	1293	40	2	28
0.000769138336182	ICMP	155	155	2	4
0.00108885765076	TCP	409	40	2	42
0.00130796432495	TCP	529	40	2	8
2.40302300453	UDP	270	298	1	9
0.000418901443481	TCP	747	40	2	17
0.000465869903564	TCP	59	40	2	26
0.000540018081665	ICMP	503	503	2	29
0.000468969345093	TCP	1126	40	2	2
0.000626087188721	TCP	1082	40	2	39
0.000659942626953	ICMP	36	36	2	13
0.000541925430298	TCP	627	40	2	19
0.00434613227844	TCP	481	40	2	17
0.000983953475952	TCP	1266	40	2	26
0.000617980957031	TCP	1277	40	2	22
0.000566959381104	TCP	71	40	2	16
0.000531911849976	ICMP	699	699	2	27
0.000522136688232	TCP	232	40	2	19
0.000557899475098	TCP	497	40	2	43
0.000739812850952	ICMP	654	654	2	27
0.00054407119751	TCP	459	40	2	10
0.000465869903564	TCP	1157	40	2	6
0.000534057617188	TCP	895	40	2	20
0.323091030121	TCP	996	40	2	8
0.000508069992065	ICMP	122	122	2	21
0.000496864318848	ICMP	183	183	2	21
0.000629901885986	TCP	126	40	2	19
0.000797986984253	UDP	884	576	2	24
0.0011191368103	UDP	29	57	2	13
0.00139904022217	UDP	203	231	2	31
0.000536918640137	ICMP	538	538	2	26
0.000495910644531	ICMP	717	717	2	12
0.000940084457397	UDP	669	576	2	11
0.000563859939575	TCP	1092	40	2	10
0.000552892684937	ICMP	469	469	2	21
0.000565052032471	ICMP	56	56	2	10
0.00104808807373	UDP	956	576	2	14
0.000427007675171	TCP	1295	40	2	20
0.000909090042114	UDP	588	576	2	4
0.00112509727478	UDP	337	365	2	44
0.000568866729736	TCP	82	40	2	16
0.00052285194397	ICMP	138	138	2	21
0.000691890716553	TCP	263	40	2	15
0.000517845153809	TCP	101	40	2	25
0.000602960586548	ICMP	614	614	2	21
0.000533103942871	TCP	673	40	2	38
1.46289992332	UDP	41	69	2	16
0.00104808807373	TCP	706	40	2	14
0.000477075576782	TCP	822	40	2	8
0.000424146652222	TCP	455	40	2	10
0.00075888633728	ICMP	727	727	2	6
0.00067400932312	ICMP	636	636	2	16
0.000450134277344	TCP	390	40	2	18
0.0011157989502	TCP	41	40	2	15
0.000601053237915	TCP	514	40	2	17
0.000538110733032	ICMP	316	316	2	19
0.000567197799683	ICMP	214	214	2	8
0.00129985809326	UDP	982	576	2	15
0.000577926635742	TCP	275	40	2	29
0.000458002090454	TCP	856	40	2	19
0.000504016876221	TCP	920	40	2	2
0.000460147857666	TCP	1114	40	2	8
0.00144195556641	ICMP	604	604	2	4
0.00106310844421	UDP	930	576	2	4
0.000466823577881	TCP	1241	40	2	14
0.000411987304688	TCP	943	40	2	20
0.000629901885986	TCP	1053	40	2	10
0.000604152679443	ICMP	308	308	2	4
0.000504016876221	TCP	437	40	2	38
0.000411033630371	TCP	241	40	2	22
0.000492095947266	TCP	691	40	2	17
0.000548839569092	ICMP	531	531	2	26
0.00107598304749	UDP	278	306	2	22
0.000473022460938	TCP	1067	40	2	22
0.000612020492554	ICMP	387	387	2	12
0.000496864318848	TCP	1020	40	2	14
0.000525951385498	TCP	525	40	2	11
0.000485897064209	TCP	1109	40	2	20
0.000505208969116	TCP	50	40	2	16
0.000591993331909	ICMP	436	436	2	19
0.000478029251099	TCP	605	40	2	32
0.000524997711182	TCP	592	40	2	33
0.00071907043457	ICMP	253	253	2	20
0.000408887863159	TCP	637	40	2	22
0.000614881515503	TCP	856	40	2	9
0.000797986984253	UDP	107	135	2	23
0.000658988952637	ICMP	577	577	2	26
0.000996112823486	UDP	914	576	2	22
0.00282502174377	TCP	255	40	2	13
0.000442981719971	TCP	79	40	2	20
0.000590085983276	TCP	532	40	2	6
0.000599145889282	TCP	560	40	2	22
0.00113797187805	ICMP	52	52	2	16
0.00058913230896	ICMP	613	613	2	9
0.000669002532959	ICMP	615	615	2	16
0.000914096832275	UDP	777	576	2	24
0.000472068786621	TCP	405	40	2	24
0.000589847564697	ICMP	720	720	2	19
0.000595092773438	TCP	985	40	2	24
0.000437021255493	TCP	650	40	2	19
0.00108194351196	TCP	1224	40	2	26
0.000804901123047	ICMP	517	517	2	35
0.000540971755981	ICMP	709	709	2	12
0.000794887542725	TCP	740	40	2	4
0.000612020492554	TCP	488	40	2	32
0.00047492980957	ICMP	584	584	2	30
0.000926971435547	TCP	722	40	2	20
0.000554084777832	ICMP	161	161	2	10
0.000434875488281	TCP	808	40	2	19
0.000617980957031	TCP	277	40	2	23
0.000463962554932	TCP	546	40	2	13
0.00279998779297	ICMP	303	303	2	24
0.000447034835815	TCP	498	40	2	26
0.000736951828003	UDP	672	576	2	20
0.000579118728638	TCP	257	40	2	18
0.000588893890381	ICMP	186	186	2	26
0.000574111938477	ICMP	349	349	2	4
0.000492811203003	ICMP	702	702	2	4
0.00120782852173	UDP	595	576	2	42
0.000869035720825	TCP	71	40	2	27
0.000595808029175	TCP	625	40	2	16
0.000545978546143	ICMP	312	312	2	18
0.000478982925415	TCP	962	40	2	20
0.000736951828003	UDP	481	509	2	41
0.000713109970093	TCP	259	40	2	31
0.000657081604004	ICMP	577	577	2	12
0.000529050827026	TCP	993	40	2	18
0.000469923019409	TCP	83	40	2	32
0.000602006912231	ICMP	296	296	2	16
0.00042986869812	TCP	502	40	2	20
0.00127792358398	UDP	287	315	2	9
0.00045108795166	TCP	782	40	2	23
0.00066614151001	TCP	1256	40	2	17
0.000624179840088	TCP	1168	40	2	38
0.000591039657593	ICMP	170	170	2	6
0.000813961029053	UDP	693	576	2	15
0.00067400932312	ICMP	531	531	2	12
0.000784873962402	UDP	826	576	2	20
0.000484943389893	TCP	1248	40	2	29
0.000470161437988	TCP	433	40	2	28
0.000504970550537	TCP	1285	40	2	19
0.000514984130859	TCP	604	40	2	24
0.000529050827026	TCP	155	40	2	23
0.000900983810425	UDP	596	576	2	49
0.0022919178009	TCP	964	40	2	12
0.000672101974487	ICMP	177	177	2	18
0.000564813613892	TCP	356	40	2	6
0.000515937805176	TCP	638	40	2	47
0.000555992126465	TCP	545	40	2	33
0.000540018081665	ICMP	424	424	2	12
0.000597953796387	TCP	1293	40	2	19
0.000494003295898	TCP	272	40	2	14
0.000471115112305	ICMP	460	460	2	21
0.000762939453125	UDP	430	458	2	7
2.4787709713	TCP	853	40	1	7
0.000885009765625	TCP	84	40	2	16
0.000638008117676	ICMP	601	601	2	4
0.000479936599731	ICMP	722	722	2	19
0.000450134277344	TCP	96	40	2	25
0.000800132751465	TCP	1035	40	2	4
0.00092601776123	UDP	992	576	2	9
0.000514984130859	TCP	1336	40	2	24
0.00053596496582	TCP	609	40	2	6
0.000571966171265	TCP	642	40	2	26
0.00573992729187	ICMP	93	93	2	13
0.00175094604492	TCP	939	40	2	20
0.000887870788574	UDP	29	57	2	26
0.000948190689087	ICMP	301	301	2	16
0.000419855117798	TCP	289	40	2	24
0.000559091567993	TCP	535	40	2	10
0.00141406059265	UDP	540	568	2	16
0.000472068786621	TCP	533	40	2	27
0.000416040420532	TCP	613	40	2	6
0.000592947006226	ICMP	598	598	2	14
0.0183448791504	ICMP	198	198	2	22
0.000488042831421	TCP	217	40	2	10
0.000961065292358	UDP	870	576	2	38
0.00065803527832	TCP	154	40	2	20
0.000600099563599	ICMP	494	494	2	29
0.00111794471741	UDP	256	284	2	12
0.000574111938477	ICMP	127	127	2	32
0.000675916671753	TCP	371	40	2	12
0.000527143478394	TCP	870	40	2	10
0.00212717056274	UDP	241	269	2	38
0.000782012939453	UDP	173	201	2	20
0.000558853149414	ICMP	630	630	2	26
0.000868082046509	UDP	271	299	2	16
0.000588893890381	ICMP	525	525	2	8
0.000962972640991	UDP	390	418	2	23
0.000540018081665	ICMP	116	116	2	24
0.000687122344971	TCP	779	40	2	18
0.000598192214966	ICMP	218	218	2	10
0.00158214569092	UDP	63	91	2	17
0.000497817993164	TCP	986	40	2	11
0.0121710300446	ICMP	652	652	2	12
0.000833034515381	UDP	375	403	2	18
0.000471115112305	TCP	461	40	2	16
0.000708103179932	TCP	470	40	2	21
0.000418186187744	TCP	328	40	2	22
0.000427961349487	TCP	1175	40	2	26
0.000778198242188	ICMP	416	416	2	22
0.000493049621582	ICMP	145	145	2	23
0.000511169433594	TCP	129	40	2	10
0.000553131103516	TCP	1253	40	2	17
0.000626087188721	ICMP	138	138	2	31
0.000565052032471	ICMP	534	534	2	23
0.000591993331909	TCP	262	40	2	12
0.000486850738525	TCP	306	40	2	13
0.000482082366943	ICMP	31	31	2	31
0.000573873519897	ICMP	478	478	2	17
0.000440835952759	TCP	997	40	2	28
0.00457191467285	TCP	60	40	2	24
0.00108480453491	TCP	349	40	2	8
0.00068998336792	ICMP	462	462	2	34
0.000583171844482	ICMP	344	344	2	17
0.000784158706665	UDP	128	156	2	21
0.000545978546143	TCP	720	40	2	15
0.000464916229248	TCP	756	40	2	35
0.00047492980957	TCP	1124	40	2	12
0.00052809715271	TCP	733	40	2	3
0.000849962234497	UDP	706	576	2	16
0.000416994094849	TCP	884	40	2	23
0.000499963760376	TCP	439	40	2	10
0.000590085983276	ICMP	683	683	2	16
0.000604152679443	ICMP	708	708	2	30
0.000640869140625	TCP	69	40	2	26
0.000534057617188	TCP	277	40	2	36
0.00059986114502	TCP	492	40	2	30
0.000506162643433	TCP	733	40	2	16
0.000499963760376	TCP	379	40	2	14
0.000872135162354	UDP	216	244	2	25
0.000494003295898	TCP	1048	40	2	26
0.000416040420532	TCP	173	40	2	7
0.000524044036865	TCP	499	40	2	21
0.000442028045654	TCP	956	40	2	31
0.00116991996765	UDP	1020	576	2	28
0.000561952590942	TCP	1323	40	2	20
0.000493049621582	ICMP	433	433	2	6
0.000540971755981	TCP	612	40	2	6
0.000455856323242	TCP	1214	40	2	18
0.000550031661987	TCP	681	40	2	21
0.00043797492981	TCP	130	40	2	25
0.343623876572	TCP	1329	40	2	26
0.000892877578735	UDP	507	535	2	4
0.000509023666382	ICMP	363	363	2	32
0.000518083572388	TCP	503	40	2	12
0.00188517570496	UDP	284	312	2	13
0.000824928283691	UDP	674	576	2	17
0.000517845153809	ICMP	709	709	2	4
0.000717878341675	TCP	385	40	2	23
0.000478982925415	TCP	871	40	2	8
0.000508069992065	TCP	644	40	2	14
0.00148510932922	UDP	453	481	2	29
0.000815868377686	UDP	229	257	2	22
0.00082802772522	TCP	122	40	2	46
0.000513076782227	TCP	554	40	2	10
0.000445127487183	TCP	741	40	2	14
0.000608921051025	TCP	789	40	2	2
0.000483989715576	TCP	200	40	2	34
0.00162506103516	ICMP	94	94	2	18
0.000757932662964	UDP	173	201	2	13
0.00043797492981	TCP	480	40	2	26
0.00243496894836	TCP	1114	40	2	18
0.0051429271698	TCP	1067	40	2	20
0.000534057617188	ICMP	719	719	2	30
0.000569105148315	TCP	183	40	2	26
0.000550985336304	ICMP	510	510	2	7
0.000485181808472	TCP	268	40	2	18
0.00053882598877	ICMP	464	464	2	12
0.000619888305664	TCP	266	40	2	44
0.000809907913208	UDP	958	576	2	32
0.000514984130859	ICMP	578	578	2	24
0.000773191452026	TCP	88	40	2	11
0.00264811515808	ICMP	268	268	2	8
0.000553131103516	ICMP	368	368	2	17
0.000821828842163	UDP	554	576	2	13
0.000480890274048	ICMP	108	108	2	19
0.000419855117798	TCP	1118	40	2	2
0.0010199546814	ICMP	500	500	2	14
0.000643014907837	ICMP	44	44	2	26
0.000554084777832	TCP	846	40	2	22
0.000806093215942	UDP	637	576	2	20
0.000587940216064	TCP	1051	40	2	4
2.56724500656	TCP	1123	40	1	5
0.000465154647827	TCP	260	40	2	34
0.000534057617188	ICMP	95	95	2	14
0.000556945800781	TCP	632	40	2	50
0.00049901008606	ICMP	476	476	2	2
0.00196409225464	UDP	472	500	2	10
0.000524044036865	ICMP	502	502	2	11
0.000676870346069	ICMP	45	45	2	4
0.000548124313354	ICMP	152	152	2	37
0.000499963760376	TCP	753	40	2	8
0.000505924224854	ICMP	260	260	2	8
0.000720977783203	TCP	69	40	2	19
0.000473976135254	TCP	468	40	2	18
0.000487089157104	TCP	153	40	2	18
0.000469923019409	TCP	1268	40	2	28
0.000617980957031	TCP	1158	40	2	16
0.000996112823486	TCP	594	40	2	11
0.000714063644409	TCP	1074	40	2	16
0.000468015670776	TCP	1008	40	2	10
0.000524044036865	ICMP	266	266	2	22
2.36946892738	TCP	54	40	1	19
0.000700950622559	TCP	1071	40	2	22
0.000655889511108	TCP	499	40	2	11
0.000724077224731	TCP	87	40	2	36
0.000476837158203	ICMP	302	302	2	20
0.000547170639038	TCP	199	40	2	24
0.000455141067505	TCP	551	40	2	32
0.000503063201904	TCP	861	40	2	22
0.000671863555908	ICMP	55	55	2	20
0.000726938247681	TCP	605	40	2	10
0.000673055648804	ICMP	563	563	2	10
0.000787019729614	TCP	1115	40	2	28
0.00057578086853	ICMP	366	366	2	10
0.00115704536438	UDP	103	131	2	15
0.000701904296875	ICMP	207	207	2	11
0.000606775283813	ICMP	202	202	2	15
0.000900030136108	ICMP	674	674	2	23
0.00119495391846	TCP	317	40	2	2
0.000618934631348	TCP	513	40	2	14
0.000837087631226	UDP	677	576	2	20
0.00160598754883	UDP	387	415	2	22
0.000872135162354	UDP	1012	576	2	24
0.000504970550537	TCP	101	40	2	29
0.000562191009521	ICMP	287	287	2	18
0.000555992126465	TCP	800	40	2	8
0.000924110412598	UDP	947	576	2	13
0.000591993331909	ICMP	389	389	2	12
0.000878095626831	UDP	706	576	2	32
0.000566005706787	TCP	181	40	2	47
0.000446081161499	TCP	802	40	2	26
0.0070629119873	TCP	826	40	2	33
0.0035388469696	TCP	178	40	2	20
0.00043797492981	TCP	98	40	2	26
0.000571012496948	ICMP	704	704	2	31
0.001060962677	UDP	609	576	2	17
0.000536918640137	TCP	484	40	2	40
0.000509977340698	TCP	50	40	2	18
0.00084114074707	UDP	989	576	2	20
0.000513076782227	TCP	571	40	2	13
0.0052809715271	TCP	203	40	2	22
0.000586986541748	TCP	259	40	2	15
0.000494003295898	TCP	730	40	2	17
0.000878095626831	ICMP	239	239	2	16
0.00261306762695	ICMP	294	294	2	22
0.000586032867432	TCP	965	40	2	16
0.000797033309937	TCP	647	40	2	18
0.000549077987671	TCP	1066	40	2	22
0.000547885894775	ICMP	139	139	2	50
0.000479936599731	TCP	883	40	2	52
0.00156903266907	UDP	549	576	2	18
0.000962972640991	ICMP	235	235	2	20
0.000800848007202	UDP	248	276	2	10
0.00378799438477	ICMP	308	308	2	6
0.000519037246704	ICMP	724	724	2	18
0.000533819198608	TCP	628	40	2	36
0.000444889068604	TCP	1004	40	2	20
0.00067400932312	ICMP	462	462	2	8
0.00078296661377	UDP	962	576	2	38
0.00106191635132	UDP	734	576	2	12
0.000761985778809	UDP	984	576	2	22
0.000627040863037	ICMP	321	321	2	40
0.000508069992065	TCP	127	40	2	27
0.000890016555786	UDP	246	274	2	24
0.000741958618164	UDP	382	410	2	20
0.000587940216064	ICMP	69	69	2	23
0.000474214553833	TCP	688	40	2	45
0.000855207443237	UDP	849	576	2	6
0.00227379798889	TCP	131	40	2	26
0.000910043716431	UDP	526	554	2	16
0.000442981719971	TCP	931	40	2	10
0.000492811203003	TCP	912	40	2	21
0.000699043273926	TCP	127	40	2	13
0.00068211555481	ICMP	158	158	2	14
2.15458798409	UDP	527	555	1	14
0.000550031661987	TCP	189	40	2	12
0.000795125961304	UDP	953	576	2	26
0.000478982925415	TCP	1057	40	2	22
0.000493049621582	TCP	1088	40	2	10
0.000519037246704	TCP	64	40	2	11
0.000517845153809	ICMP	119	119	2	27
2.33537006378	ICMP	692	692	1	10
0.000471115112305	TCP	1011	40	2	34
0.00108003616333	ICMP	713	713	2	8
0.000525951385498	TCP	281	40	2	35
0.000514030456543	ICMP	377	377	2	15
0.000848770141602	UDP	718	576	2	18
0.000755071640015	ICMP	72	72	2	15
0.00102996826172	ICMP	169	169	2	4
0.000462055206299	TCP	494	40	2	6
0.00107598304749	TCP	1188	40	2	8
0.000684022903442	ICMP	708	708	2	15
0.000591039657593	ICMP	88	88	2	17
0.000767946243286	UDP	52	80	2	8
0.000572919845581	TCP	76	40	2	10
0.000461101531982	TCP	600	40	2	2
0.000651836395264	TCP	79	40	2	21
0.000728845596313	ICMP	28	28	2	2
0.000762939453125	TCP	1140	40	2	10
0.000569105148315	TCP	783	40	2	15
0.000472784042358	TCP	307	40	2	27
0.000547885894775	TCP	1214	40	2	9
0.000553846359253	TCP	156	40	2	10
0.000909805297852	ICMP	114	114	2	13
0.000519990921021	ICMP	253	253	2	22
0.000756978988647	UDP	119	147	2	22
0.00590109825134	TCP	146	40	2	12
0.00130820274353	ICMP	674	674	2	4
0.000456094741821	TCP	581	40	2	16
0.00297999382019	TCP	159	40	2	22
0.000935077667236	UDP	598	576	2	18
0.000469207763672	TCP	797	40	2	22
0.000509023666382	TCP	126	40	2	18
0.000814199447632	ICMP	675	675	2	14
0.000463008880615	TCP	391	40	2	18
0.000468015670776	TCP	873	40	2	22
0.00072717666626	TCP	482	40	2	14
0.000685930252075	TCP	83	40	2	20
0.000906944274902	UDP	362	390	2	34
0.000527143478394	ICMP	436	436	2	21
0.000967025756836	UDP	34	62	2	19
0.000611066818237	ICMP	556	556	2	13
0.000720024108887	ICMP	113	113	2	10
0.000546216964722	TCP	813	40	2	26
0.000663995742798	ICMP	588	588	2	2
0.000442028045654	TCP	886	40	2	22
0.000927925109863	UDP	928	576	2	10
0.000472068786621	TCP	980	40	2	17
0.000753164291382	TCP	179	40	2	11
0.000586986541748	TCP	270	40	2	12
0.000478982925415	TCP	1030	40	2	6
0.00101900100708	TCP	267	40	2	10
0.000632047653198	TCP	229	40	2	16
0.000552892684937	ICMP	496	496	2	23
0.000461101531982	TCP	783	40	2	2
0.000534057617188	TCP	461	40	2	12
0.00201797485352	UDP	259	287	2	16
0.000550985336304	ICMP	185	185	2	33
0.000498056411743	TCP	718	40	2	24
0.000587940216064	TCP	647	40	2	16
0.000511169433594	ICMP	97	97	2	19
0.0497870445251	TCP	745	40	2	4
0.00054407119751	ICMP	411	411	2	4
0.000598907470703	TCP	92	40	2	18
0.000463962554932	TCP	1009	40	2	16
0.000501871109009	ICMP	417	417	2	15
0.000761985778809	TCP	1008	40	2	33
0.000497102737427	TCP	1285	40	2	23
0.000643014907837	ICMP	39	39	2	21
0.000614881515503	ICMP	684	684	2	22
0.000575065612793	TCP	558	40	2	23
0.00456118583679	TCP	1173	40	2	13
0.000643968582153	ICMP	34	34	2	44
0.000992059707642	UDP	407	435	2	24
0.000587940216064	TCP	394	40	2	17
0.000535011291504	TCP	1233	40	2	39
0.000846862792969	UDP	602	576	2	32
0.000611066818237	ICMP	159	159	2	23
0.000800848007202	UDP	550	576	2	19
0.000779151916504	ICMP	524	524	2	14
0.000599145889282	TCP	1325	40	2	12
0.000579833984375	TCP	639	40	2	8
0.000770092010498	TCP	541	40	2	4
0.000423192977905	TCP	58	40	2	14
0.000658988952637	ICMP	232	232	2	9
0.000540018081665	TCP	455	40	2	18
0.000640153884888	TCP	1226	40	2	17
0.00074291229248	TCP	1212	40	2	24
0.000607967376709	ICMP	217	217	2	8
0.00259399414062	UDP	169	197	2	12
0.000508069992065	ICMP	368	368	2	8
0.000820875167847	UDP	59	87	2	36
0.000618934631348	ICMP	97	97	2	18
0.000433206558228	TCP	777	40	2	11
0.000493049621582	TCP	1009	40	2	19
0.000566005706787	TCP	922	40	2	18
0.00060510635376	ICMP	166	166	2	6
0.000648021697998	ICMP	667	667	2	18
0.000631093978882	TCP	1093	40	2	33
0.000893831253052	UDP	177	205	2	25
0.000466823577881	TCP	490	40	2	28
0.000547885894775	ICMP	591	591	2	18
0.000484943389893	ICMP	393	393	2	4
0.000782012939453	UDP	237	265	2	19
0.000696897506714	TCP	375	40	2	27
0.000453948974609	TCP	657	40	2	4
0.000464916229248	TCP	376	40	2	14
0.000524997711182	TCP	623	40	2	19
0.000509023666382	TCP	586	40	2	18
0.000663995742798	TCP	423	40	2	24
0.000500917434692	ICMP	667	667	2	10
0.000579118728638	TCP	1112	40	2	21
0.000905990600586	TCP	598	40	2	16
0.000494003295898	TCP	718	40	2	26
0.000514984130859	TCP	376	40	2	23
0.000446081161499	TCP	702	40	2	20
0.00063681602478	TCP	384	40	2	21
0.000672101974487	ICMP	259	259	2	26
0.000945806503296	UDP	977	576	2	21
0.000594854354858	ICMP	608	608	2	20
0.000772953033447	UDP	113	141	2	8
0.000513076782227	TCP	557	40	2	20
0.000519990921021	TCP	905	40	2	24
0.000581979751587	TCP	607	40	2	7
0.000608921051025	TCP	1026	40	2	20
0.000626087188721	ICMP	265	265	2	26
0.000440120697021	TCP	151	40	2	25
0.000488996505737	TCP	924	40	2	14
0.0190751552582	UDP	293	321	2	26
0.00047779083252	TCP	281	40	2	15
0.000637054443359	ICMP	396	396	2	8
0.000829219818115	ICMP	495	495	2	18
0.00106000900269	UDP	512	540	2	12
0.00103402137756	ICMP	506	506	2	16
0.000542163848877	TCP	1125	40	2	20
0.000495910644531	TCP	722	40	2	2
0.000450849533081	TCP	464	40	2	19
0.000535011291504	TCP	195	40	2	24
0.000598192214966	ICMP	546	546	2	21
0.000658988952637	ICMP	166	166	2	11
0.000555038452148	TCP	851	40	2	25
0.000792980194092	ICMP	66	66	2	20
0.000523090362549	ICMP	641	641	2	28
0.000791072845459	UDP	46	74	2	16
0.000647068023682	TCP	708	40	2	14
0.00120902061462	TCP	1017	40	2	16
0.000530004501343	TCP	1043	40	2	49
0.000843048095703	ICMP	672	672	2	16
0.00045919418335	TCP	830	40	2	26
0.000542163848877	TCP	619	40	2	11
0.000859022140503	UDP	551	576	2	15
0.000651121139526	ICMP	592	592	2	22
0.000525951385498	TCP	1327	40	2	31
0.00262880325317	UDP	44	72	2	2
0.000936985015869	UDP	286	314	2	32
0.000654935836792	ICMP	370	370	2	18
0.000581979751587	ICMP	196	196	2	14
0.00178813934326	TCP	902	40	2	11
0.000509023666382	TCP	538	40	2	18
2.20669102669	TCP	418	40	1	13
0.000472068786621	TCP	436	40	2	10
0.000525951385498	ICMP	542	542	2	5
0.000461101531982	TCP	927	40	2	46
0.000455141067505	TCP	957	40	2	22
0.000562191009521	TCP	654	40	2	16
0.00155282020569	UDP	141	169	2	18
0.000669002532959	ICMP	585	585	2	18
0.000468015670776	TCP	388	40	2	31
0.000515937805176	TCP	421	40	2	8
0.000470876693726	TCP	274	40	2	25
0.000637054443359	ICMP	402	402	2	29
0.000459909439087	TCP	853	40	2	21
0.00053596496582	ICMP	220	220	2	14
0.000485897064209	TCP	1129	40	2	6
0.000453948974609	TCP	597	40	2	20
0.000504970550537	ICMP	162	162	2	21
0.000518083572388	ICMP	500	500	2	19
0.00392293930054	UDP	190	218	2	16
0.000802040100098	UDP	211	239	2	21
0.00106906890869	ICMP	83	83	2	24
0.000815868377686	UDP	390	418	2	12
0.000640869140625	TCP	1265	40	2	4
0.000488996505737	TCP	413	40	2	22
0.000524997711182	TCP	638	40	2	20
0.000565052032471	TCP	579	40	2	10
0.000909090042114	ICMP	43	43	2	16
0.000509023666382	ICMP	145	145	2	24
0.00049901008606	TCP	1277	40	2	27
0.000619888305664	TCP	788	40	2	27
0.000424861907959	TCP	390	40	2	15
0.000874042510986	UDP	41	69	2	18
0.000441074371338	TCP	276	40	2	23
0.000575065612793	TCP	747	40	2	8
0.000518083572388	TCP	1202	40	2	26
0.00464200973511	TCP	1164	40	2	15
0.000893115997314	UDP	1013	576	2	8
0.000514030456543	TCP	690	40	2	33
0.000746011734009	TCP	451	40	2	11
0.00049090385437	TCP	153	40	2	11
0.000511884689331	TCP	333	40	2	25
0.000524044036865	TCP	1059	40	2	10
0.00115895271301	UDP	484	512	2	8
0.000669956207275	TCP	886	40	2	12
0.000608205795288	ICMP	650	650	2	32
0.000508069992065	ICMP	51	51	2	26
0.000962972640991	TCP	59	40	2	9
0.00118207931519	UDP	139	167	2	20
0.000496864318848	TCP	1044	40	2	4
0.000545978546143	ICMP	258	258	2	19
0.000510931015015	ICMP	530	530	2	32
0.000744819641113	ICMP	112	112	2	13
0.000494003295898	TCP	574	40	2	4
0.000690937042236	TCP	930	40	2	2
0.000612020492554	ICMP	541	541	2	26
0.000725984573364	ICMP	431	431	2	22
0.000714778900146	TCP	369	40	2	15
0.000614881515503	ICMP	59	59	2	18
0.00328707695007	UDP	412	440	2	4
0.00075888633728	ICMP	681	681	2	22
0.000592947006226	TCP	800	40	2	13
0.000505924224854	TCP	182	40	2	14
0.000947952270508	TCP	577	40	2	19
0.000584840774536	ICMP	534	534	2	11
0.000972032546997	UDP	347	375	2	34
0.000458002090454	TCP	958	40	2	15
0.000921010971069	UDP	388	416	2	16
0.00087308883667	UDP	570	576	2	28
0.000453948974609	TCP	1246	40	2	39
0.000686168670654	TCP	365	40	2	33
0.00133800506592	ICMP	100	100	2	20
0.000562191009521	ICMP	114	114	2	25
0.000813961029053	ICMP	483	483	2	22
0.000571966171265	ICMP	531	531	2	13
0.000520944595337	TCP	430	40	2	16
0.000491142272949	TCP	807	40	2	8
0.000509977340698	TCP	253	40	2	14
0.0011420249939	TCP	67	40	2	15
0.000502824783325	ICMP	91	91	2	25
0.0010199546814	UDP	977	576	2	33
0.000648975372314	TCP	815	40	2	10
0.0458710193634	UDP	82	110	2	27
0.00046181678772	TCP	415	40	2	30
0.000581026077271	ICMP	102	102	2	17
0.00201296806335	TCP	1216	40	2	22
0.000732898712158	TCP	105	40	2	18
0.00131702423096	UDP	828	576	2	21
0.000627040863037	TCP	678	40	2	24
0.00113701820374	TCP	697	40	2	12
0.00541090965271	TCP	1012	40	2	18
0.0042998790741	TCP	1283	40	2	2
0.000567197799683	ICMP	686	686	2	6
0.000605821609497	TCP	640	40	2	15
0.00529813766479	UDP	158	186	2	11
0.000663042068481	ICMP	668	668	2	18
0.000525951385498	TCP	1319	40	2	31
0.000846862792969	UDP	52	80	2	24
0.000948905944824	UDP	259	287	2	6
0.00084400177002	UDP	97	125	2	8
0.000528812408447	TCP	114	40	2	22
0.000768899917603	TCP	851	40	2	16
0.000511884689331	TCP	939	40	2	14
0.000604867935181	TCP	305	40	2	28
0.000891923904419	TCP	872	40	2	16
0.000441074371338	TCP	1067	40	2	19
0.00715494155884	UDP	51	79	2	12
0.000554800033569	TCP	763	40	2	27
0.000736951828003	TCP	858	40	2	5
0.000558137893677	TCP	173	40	2	15
0.000544786453247	TCP	345	40	2	22
0.000607967376709	ICMP	719	719	2	8
0.000753164291382	TCP	75	40	2	33
0.000706911087036	ICMP	355	355	2	9
0.000581979751587	ICMP	460	460	2	25
0.000813007354736	UDP	95	123	2	16
0.000531911849976	TCP	82	40	2	10
0.000423908233643	TCP	165	40	2	12
0.000577926635742	TCP	1338	40	2	17
0.00055193901062	TCP	750	40	2	18
0.000483989715576	TCP	81	40	2	28
0.000856161117554	TCP	1113	40	2	6
0.00055980682373	TCP	832	40	2	16
0.000493049621582	TCP	1183	40	2	19
0.000602960586548	TCP	693	40	2	32
0.000517845153809	TCP	841	40	2	20
0.000507116317749	ICMP	348	348	2	4
0.000867128372192	UDP	428	456	2	24
0.00103306770325	UDP	294	322	2	18
0.000555992126465	TCP	1054	40	2	39
0.000792026519775	TCP	448	40	2	28
0.00609397888184	UDP	162	190	2	31
0.000653028488159	TCP	382	40	2	10
0.000691175460815	TCP	1334	40	2	4
0.00162982940674	ICMP	99	99	2	13
0.000903844833374	TCP	1070	40	2	33
0.000476121902466	TCP	237	40	2	20
0.00086498260498	UDP	123	151	2	23
0.000679969787598	ICMP	389	389	2	14
0.000604152679443	ICMP	111	111	2	28
0.00108909606934	UDP	682	576	2	38
0.00139403343201	TCP	593	40	2	25
0.000844955444336	UDP	652	576	2	8
0.00084400177002	UDP	686	576	2	28
0.000699043273926	ICMP	189	189	2	14
0.00247693061829	UDP	342	370	2	17
0.000514984130859	TCP	1111	40	2	19
0.000478982925415	TCP	462	40	2	23
0.000847101211548	UDP	914	576	2	2
0.000524997711182	TCP	468	40	2	11
0.000868082046509	UDP	406	434	2	6
0.000516176223755	TCP	233	40	2	4
0.000436067581177	TCP	585	40	2	27
0.000576019287109	ICMP	93	93	2	22
0.00558996200562	TCP	637	40	2	44
0.000530004501343	ICMP	163	163	2	24
0.000456094741821	TCP	1219	40	2	22
0.00139594078064	ICMP	232	232	2	8
0.000726938247681	ICMP	185	185	2	20
0.000547885894775	TCP	530	40	2	23
0.00086498260498	UDP	382	410	2	18
0.000977993011475	UDP	344	372	2	34
0.00303506851196	UDP	969	576	2	14
0.000582218170166	ICMP	338	338	2	12
0.000550031661987	ICMP	126	126	2	18
0.000517129898071	TCP	407	40	2	12
0.0011088848114	UDP	202	230	2	6
0.000641107559204	ICMP	184	184	2	39
0.00150799751282	UDP	477	505	2	8
0.000848054885864	UDP	505	533	2	42
0.000516176223755	ICMP	346	346	2	19
0.000536918640137	TCP	1203	40	2	40
0.000554084777832	ICMP	686	686	2	22
0.00101518630981	UDP	376	404	2	18
0.000663995742798	TCP	386	40	2	27
0.000587940216064	TCP	1170	40	2	8
0.000446081161499	TCP	976	40	2	15
0.000559091567993	TCP	279	40	2	21
0.000553131103516	TCP	266	40	2	11
0.000530958175659	TCP	780	40	2	10
0.000521898269653	TCP	455	40	2	6
0.00042200088501	TCP	565	40	2	22
0.000615119934082	ICMP	614	614	2	16
0.000817060470581	UDP	356	384	2	9
0.000562906265259	ICMP	368	368	2	16
0.00098991394043	TCP	238	40	2	17
0.000466108322144	TCP	1315	40	2	20
0.000569105148315	TCP	690	40	2	27
0.000786066055298	UDP	144	172	2	23
0.00076699256897	ICMP	622	622	2	20
0.000930070877075	UDP	490	518	2	32
0.00058913230896	TCP	191	40	2	20
0.000525951385498	TCP	1158	40	2	13
0.000895023345947	UDP	610	576	2	35
0.000468015670776	TCP	682	40	2	24
0.15630197525	UDP	852	576	2	10
0.0445971488953	UDP	204	232	2	18
0.000560998916626	TCP	955	40	2	10
0.000610828399658	ICMP	541	541	2	10
0.000587940216064	ICMP	514	514	2	20
0.00241994857788	UDP	129	157	2	10
0.010822057724	ICMP	674	674	2	19
0.000728845596313	ICMP	671	671	2	14
0.000531196594238	ICMP	217	217	2	10
0.000499963760376	ICMP	134	134	2	12
0.000475883483887	TCP	999	40	2	14
0.000754117965698	UDP	91	119	2	14
0.00079607963562	UDP	282	310	2	20
0.000440120697021	TCP	696	40	2	10
0.000525951385498	TCP	1146	40	2	25
0.00103497505188	TCP	247	40	2	8
0.00152492523193	UDP	320	348	2	12
0.000576972961426	ICMP	623	623	2	21
0.000653982162476	ICMP	376	376	2	42
0.49869799614	ICMP	298	298	2	23
0.000521183013916	TCP	1027	40	2	14
0.000574827194214	ICMP	58	58	2	10
0.00061297416687	TCP	528	40	2	13
0.000771999359131	UDP	716	576	2	12
0.0237631797791	UDP	213	241	2	9
0.000491142272949	TCP	302	40	2	24
0.00310802459717	TCP	1056	40	2	5
0.000815153121948	UDP	95	123	2	15
0.000571966171265	TCP	1145	40	2	38
0.000810146331787	ICMP	417	417	2	16
0.000791072845459	UDP	739	576	2	35
0.000462055206299	TCP	293	40	2	10
0.000663995742798	TCP	794	40	2	12
0.00084400177002	UDP	752	576	2	25
0.000464200973511	TCP	323	40	2	32
0.00104904174805	ICMP	47	47	2	24
0.000888109207153	UDP	890	576	2	7
0.000586986541748	ICMP	118	118	2	12
0.000543117523193	TCP	221	40	2	4
0.00105285644531	ICMP	46	46	2	17
0.000443935394287	TCP	907	40	2	13
0.000809907913208	TCP	1245	40	2	11
0.000468015670776	TCP	1269	40	2	21
0.000478029251099	ICMP	222	222	2	31
0.000610113143921	ICMP	40	40	2	10
0.000530004501343	ICMP	313	313	2	23
0.000566959381104	TCP	644	40	2	30
0.00047492980957	TCP	1139	40	2	29
0.000419139862061	TCP	1008	40	2	17
0.000659227371216	ICMP	206	206	2	2
0.000593900680542	ICMP	383	383	2	24
0.000555038452148	ICMP	52	52	2	16
0.000556945800781	ICMP	171	171	2	24
0.000782012939453	TCP	658	40	2	30
0.000481128692627	ICMP	209	209	2	24
0.00061297416687	TCP	918	40	2	17
0.000558853149414	ICMP	33	33	2	24
0.000464916229248	TCP	263	40	2	17
0.000468015670776	TCP	457	40	2	26
0.00112199783325	UDP	132	160	2	10
0.00236082077026	UDP	1001	576	2	15
0.00075888633728	TCP	110	40	2	18
0.000423908233643	TCP	843	40	2	18
0.00109601020813	UDP	178	206	2	44
0.00054407119751	TCP	1092	40	2	10
0.000592947006226	ICMP	123	123	2	12
0.000563144683838	ICMP	419	419	2	6
0.000622034072876	ICMP	168	168	2	22
1.8414208889	UDP	227	255	2	22
0.000545978546143	ICMP	470	470	2	18
0.000725984573364	TCP	825	40	2	24
0.000494003295898	TCP	226	40	2	7
0.000494956970215	TCP	167	40	2	21
0.00060510635376	TCP	895	40	2	10
0.000492811203003	TCP	408	40	2	13
0.00084400177002	ICMP	385	385	2	29
0.00121307373047	TCP	1042	40	2	6
0.00102400779724	UDP	556	576	2	14
0.000539064407349	ICMP	583	583	2	29
0.000566959381104	ICMP	391	391	2	12
0.000427007675171	TCP	1261	40	2	14
0.000910043716431	UDP	586	576	2	14
0.000716924667358	ICMP	88	88	2	41
0.00157713890076	ICMP	181	181	2	31
0.000774145126343	UDP	732	576	2	8
0.000876188278198	ICMP	459	459	2	13
0.000440835952759	TCP	637	40	2	10
0.0113279819489	ICMP	235	235	2	14
0.0112290382385	UDP	366	394	2	24
0.000591993331909	ICMP	337	337	2	32
0.000497102737427	TCP	710	40	2	12
0.000586986541748	TCP	1193	40	2	13
0.000514030456543	TCP	1077	40	2	2
0.00166606903076	UDP	744	576	2	42
0.000550985336304	ICMP	277	277	2	18
0.000543832778931	ICMP	283	283	2	9
0.000774145126343	UDP	126	154	2	26
0.00289916992188	ICMP	608	608	2	13
0.000869989395142	UDP	722	576	2	23
0.00060510635376	ICMP	80	80	2	13
0.0772681236267	TCP	150	40	2	33
0.000532865524292	TCP	1279	40	2	20
0.000552892684937	TCP	1311	40	2	15
0.000511884689331	ICMP	291	291	2	33
0.000540971755981	TCP	861	40	2	17
0.000443935394287	TCP	771	40	2	20
0.000539064407349	ICMP	468	468	2	12
0.000442981719971	TCP	615	40	2	34
0.000808954238892	TCP	754	40	2	32
0.000439167022705	TCP	848	40	2	23
0.000480890274048	TCP	52	40	2	4
0.00079607963562	UDP	707	576	2	16
0.000572919845581	ICMP	699	699	2	20
0.00776219367981	UDP	70	98	2	11
0.000955104827881	UDP	462	490	2	9
0.000463962554932	TCP	1275	40	2	10
0.000643968582153	ICMP	221	221	2	14
0.000817060470581	UDP	673	576	2	38
0.000771045684814	UDP	739	576	2	12
0.0012731552124	UDP	636	576	2	22
0.000937938690186	UDP	68	96	2	16
0.000577926635742	TCP	333	40	2	43
0.000491142272949	TCP	786	40	2	22
0.000552177429199	ICMP	106	106	2	34
0.000470876693726	ICMP	367	367	2	28
0.00170183181763	TCP	867	40	2	32
0.000452995300293	TCP	1020	40	2	50
0.000531196594238	ICMP	643	643	2	18
0.000643968582153	TCP	663	40	2	18
0.000798940658569	TCP	1031	40	2	22
0.000532865524292	ICMP	426	426	2	10
0.000515937805176	TCP	851	40	2	37
0.00126981735229	UDP	949	576	2	18
0.000460147857666	TCP	155	40	2	24
0.00105595588684	UDP	353	381	2	18
0.000452995300293	TCP	568	40	2	22
0.000468969345093	TCP	961	40	2	23
0.000514030456543	TCP	150	40	2	24
0.000859022140503	UDP	628	576	2	21
0.000504016876221	TCP	925	40	2	10
0.000516891479492	ICMP	322	322	2	19
0.000454187393188	TCP	1031	40	2	18
0.000552892684937	ICMP	514	514	2	34
0.000754833221436	ICMP	657	657	2	26
0.000510931015015	TCP	1089	40	2	22
0.000923156738281	UDP	819	576	2	7
0.000546932220459	TCP	299	40	2	12
0.000826120376587	TCP	690	40	2	20
0.00061297416687	TCP	733	40	2	20
0.000478982925415	TCP	134	40	2	16
0.000534057617188	TCP	781	40	2	34
0.000457048416138	TCP	356	40	2	22
0.000581026077271	TCP	1305	40	2	22
0.000475883483887	TCP	195	40	2	15
0.00130295753479	ICMP	644	644	2	39
0.000604867935181	TCP	1031	40	2	17
0.000504016876221	ICMP	466	466	2	26
0.000826120376587	UDP	889	576	2	15
0.000535011291504	TCP	135	40	2	12
0.000501871109009	ICMP	396	396	2	14
0.000885009765625	UDP	1000	576	2	20
0.000811815261841	ICMP	437	437	2	12
0.000545978546143	ICMP	690	690	2	34
0.000932931900024	UDP	521	549	2	21
0.000839948654175	TCP	1058	40	2	18
2.60750102997	ICMP	222	222	1	4
2.51675391197	ICMP	230	230	1	6
0.00085186958313	UDP	554	576	2	13
0.000531911849976	TCP	583	40	2	2
0.000447988510132	TCP	1072	40	2	10
0.000818967819214	UDP	516	544	2	27
0.000431060791016	TCP	774	40	2	24
0.000674962997437	TCP	500	40	2	35
0.000692844390869	TCP	717	40	2	26
0.000480890274048	TCP	219	40	2	12
0.000480890274048	TCP	1224	40	2	5
0.000671148300171	ICMP	461	461	2	4
0.000498056411743	TCP	571	40	2	11
0.000875949859619	UDP	719	576	2	14
0.000849008560181	UDP	57	85	2	2
0.00115084648132	TCP	1168	40	2	24
0.00120401382446	TCP	1308	40	2	2
0.000487089157104	ICMP	415	415	2	26
0.00908803939819	UDP	623	576	2	5
0.00083589553833	UDP	844	576	2	12
0.00100302696228	UDP	847	576	2	14
0.000921964645386	UDP	746	576	2	20
0.00116300582886	TCP	587	40	2	14
0.000926971435547	UDP	348	376	2	8
0.00224709510803	TCP	849	40	2	9
0.000578165054321	TCP	483	40	2	12
0.000631093978882	ICMP	316	316	2	23
0.000425815582275	TCP	474	40	2	30
0.00071120262146	TCP	966	40	2	14
0.000590085983276	ICMP	58	58	2	23
0.000713109970093	ICMP	575	575	2	18
0.000775814056396	ICMP	493	493	2	7
0.000988006591797	TCP	686	40	2	28
0.00045108795166	TCP	1136	40	2	12
0.000447988510132	TCP	1135	40	2	30
0.002366065979	UDP	773	576	2	8
0.000411033630371	TCP	431	40	2	26
0.000463008880615	TCP	575	40	2	14
0.000464200973511	TCP	1106	40	2	8
0.000578165054321	ICMP	564	564	2	6
0.000786066055298	UDP	475	503	2	6
0.000698804855347	ICMP	656	656	2	6
0.000507116317749	ICMP	231	231	2	21
0.00075101852417	TCP	852	40	2	16
0.00134491920471	UDP	413	441	2	24
0.000696182250977	ICMP	520	520	2	23
0.402621984482	ICMP	34	34	2	24
0.000916957855225	UDP	97	125	2	14
0.000761032104492	TCP	685	40	2	20
0.000597953796387	ICMP	171	171	2	8
0.00103092193604	UDP	87	115	2	12
0.112560033798	TCP	998	40	2	32
0.000498056411743	ICMP	398	398	2	18
0.000442981719971	TCP	1255	40	2	17
0.00171208381653	ICMP	213	213	2	28
0.000868082046509	UDP	318	346	2	21
0.000476837158203	TCP	802	40	2	12
0.000422954559326	TCP	414	40	2	29
0.000524044036865	TCP	1049	40	2	11
0.000990152359009	TCP	159	40	2	16
0.000916957855225	ICMP	694	694	2	25
0.000617980957031	TCP	378	40	2	12
0.00598502159119	TCP	1281	40	2	30
0.000565052032471	ICMP	451	451	2	29
0.000844955444336	UDP	255	283	2	8
0.00082802772522	UDP	942	576	2	9
0.00104379653931	UDP	796	576	2	15
0.000663042068481	TCP	87	40	2	9
0.000532150268555	ICMP	566	566	2	21
0.000483989715576	TCP	739	40	2	28
0.000495195388794	TCP	484	40	2	20
2.33110594749	TCP	1320	40	1	20
0.000758171081543	UDP	539	567	2	19
0.00251889228821	ICMP	696	696	2	26
0.000524044036865	TCP	208	40	2	6
0.000808954238892	UDP	266	294	2	4
0.000516891479492	ICMP	315	315	2	5
0.000692844390869	TCP	1194	40	2	10
0.000620126724243	ICMP	145	145	2	15
0.000586032867432	ICMP	365	365	2	18
0.000494956970215	TCP	973	40	2	20
0.000498056411743	TCP	275	40	2	20
0.000595092773438	ICMP	535	535	2	22
0.000591993331909	ICMP	450	450	2	15
0.000530958175659	ICMP	661	661	2	2
0.000844955444336	UDP	1012	576	2	18
0.000444889068604	TCP	1041	40	2	40
0.000768899917603	UDP	544	572	2	12
0.000557899475098	ICMP	407	407	2	26
0.000563859939575	ICMP	228	228	2	24
0.000818014144897	UDP	120	148	2	22
0.000474214553833	TCP	140	40	2	24
0.000802993774414	UDP	853	576	2	16
0.00072193145752	TCP	850	40	2	24
0.00054407119751	ICMP	91	91	2	6
0.000637054443359	ICMP	660	660	2	11
0.000975847244263	UDP	276	304	2	12
0.00119400024414	UDP	849	576	2	15
0.000637054443359	TCP	823	40	2	10
0.0823531150818	ICMP	63	63	2	19
0.000833034515381	UDP	573	576	2	10
0.00399708747864	TCP	1247	40	2	12
0.000974893569946	TCP	1226	40	2	29
0.000480890274048	TCP	1276	40	2	32
0.000563144683838	TCP	622	40	2	2
0.000524997711182	TCP	1052	40	2	37
0.000497102737427	TCP	1240	40	2	17
0.00308394432068	ICMP	171	171	2	19
0.000565052032471	TCP	369	40	2	17
0.000496864318848	TCP	1145	40	2	39
0.00799012184143	TCP	215	40	2	29
0.000716924667358	ICMP	640	640	2	22
0.00273394584656	TCP	738	40	2	2
0.000963926315308	UDP	371	399	2	42
0.00053596496582	ICMP	28	28	2	29
0.000517845153809	ICMP	575	575	2	16
0.00113701820374	UDP	644	576	2	12
0.000560998916626	TCP	575	40	2	7
0.000607967376709	TCP	1257	40	2	18
0.000552892684937	TCP	219	40	2	20
0.00218892097473	ICMP	509	509	2	13
0.000759124755859	UDP	336	364	2	20
0.000478982925415	TCP	571	40	2	14
0.000492095947266	TCP	331	40	2	26
0.000978946685791	UDP	668	576	2	24
0.00106501579285	ICMP	54	54	2	14
0.00052285194397	TCP	882	40	2	27
0.000942945480347	ICMP	225	225	2	20
0.000538110733032	TCP	839	40	2	20
0.000442981719971	TCP	480	40	2	27
0.000887155532837	TCP	896	40	2	10
0.000627040863037	TCP	1250	40	2	16
0.000519037246704	TCP	407	40	2	22
0.000553131103516	TCP	1225	40	2	17
0.000561952590942	ICMP	249	249	2	16
0.00111293792725	TCP	734	40	2	43
0.000471115112305	TCP	824	40	2	8
0.00068187713623	TCP	527	40	2	10
0.000824928283691	UDP	1021	576	2	2
0.000522136688232	TCP	553	40	2	22
0.000596046447754	TCP	233	40	2	2
0.00223684310913	TCP	1058	40	2	14
0.000921010971069	UDP	993	576	2	32
0.000866174697876	UDP	679	576	2	16
0.000735998153687	TCP	810	40	2	23
0.000519037246704	ICMP	321	321	2	24
0.00081205368042	TCP	413	40	2	2
0.000487089157104	TCP	193	40	2	23
0.000491857528687	TCP	1206	40	2	13
0.000482082366943	TCP	169	40	2	14
0.000458955764771	TCP	797	40	2	28
0.000679016113281	ICMP	600	600	2	6
0.000504016876221	ICMP	82	82	2	18
0.000600099563599	TCP	1036	40	2	28
0.000870943069458	UDP	312	340	2	28
0.000549077987671	TCP	190	40	2	10
0.000753879547119	TCP	62	40	2	18
0.000530958175659	TCP	75	40	2	10
0.000938892364502	UDP	367	395	2	19
0.000508069992065	ICMP	648	648	2	22
0.000784158706665	UDP	31	59	2	20
0.000591993331909	ICMP	664	664	2	13
0.000893115997314	ICMP	49	49	2	16
0.268465042114	TCP	738	40	2	28
0.000437021255493	TCP	1315	40	2	27
0.000433921813965	TCP	584	40	2	12
0.168616056442	TCP	1087	40	2	3
0.00059986114502	ICMP	96	96	2	21
0.0013120174408	UDP	657	576	2	26
0.000416040420532	TCP	403	40	2	17
0.000578880310059	TCP	969	40	2	13
0.00113701820374	UDP	71	99	2	23
0.000723123550415	ICMP	158	158	2	18
0.000589847564697	ICMP	570	570	2	10
0.000603914260864	ICMP	105	105	2	12
0.000541925430298	TCP	824	40	2	36
0.000530958175659	TCP	540	40	2	14
0.0629920959473	UDP	258	286	2	12
0.00045108795166	TCP	1283	40	2	28
0.000645875930786	ICMP	461	461	2	10
0.000550031661987	ICMP	329	329	2	10
0.000549793243408	ICMP	516	516	2	16
0.000439882278442	TCP	717	40	2	22
0.00111508369446	ICMP	711	711	2	14
0.00044584274292	TCP	1067	40	2	28
0.000599145889282	ICMP	183	183	2	33
0.000478029251099	ICMP	380	380	2	26
0.000442028045654	TCP	686	40	2	34
0.000907897949219	UDP	534	562	2	8
2.43401503563	UDP	995	576	1	8
0.000579118728638	ICMP	541	541	2	20
0.00123882293701	UDP	274	302	2	11
0.000465869903564	TCP	1253	40	2	4
0.00116991996765	UDP	691	576	2	4
0.000722169876099	TCP	1195	40	2	20
0.000497817993164	TCP	1321	40	2	33
0.000462055206299	TCP	977	40	2	6
0.00059986114502	TCP	993	40	2	11
0.000535011291504	TCP	77	40	2	19
0.000565052032471	TCP	1121	40	2	4
0.00051212310791	TCP	450	40	2	18
0.000611066818237	TCP	411	40	2	24
0.000942945480347	TCP	1171	40	2	18
0.000492095947266	TCP	1266	40	2	23
0.0010199546814	ICMP	127	127	2	2
0.00047779083252	TCP	144	40	2	20
0.000485897064209	ICMP	128	128	2	18
0.0011830329895	TCP	442	40	2	20
0.000630140304565	ICMP	392	392	2	13
0.000627040863037	ICMP	716	716	2	4
0.00125002861023	UDP	789	576	2	2
0.00047492980957	TCP	97	40	2	11
0.000472068786621	TCP	45	40	2	34
0.000784873962402	UDP	146	174	2	9
0.000411987304688	TCP	152	40	2	22
0.000618934631348	ICMP	561	561	2	36
0.00757312774658	UDP	776	576	2	39
0.000676155090332	ICMP	148	148	2	10
0.000746965408325	ICMP	728	728	2	32
0.000524997711182	TCP	996	40	2	20
0.000509023666382	TCP	875	40	2	20
0.000569105148315	ICMP	85	85	2	22
0.00130105018616	TCP	230	40	2	32
0.000680923461914	ICMP	709	709	2	21
0.00216603279114	TCP	640	40	2	16
0.00631904602051	TCP	753	40	2	7
0.000876903533936	TCP	1010	40	2	8
0.000514030456543	ICMP	396	396	2	18
0.000730037689209	ICMP	602	602	2	14
0.000683069229126	ICMP	42	42	2	6
0.000778913497925	UDP	408	436	2	20
0.000540018081665	ICMP	247	247	2	19
0.000435829162598	TCP	652	40	2	15
0.00105619430542	UDP	421	449	2	5
0.000572204589844	ICMP	286	286	2	16
0.00299286842346	ICMP	319	319	2	10
0.000708103179932	TCP	1049	40	2	10
0.000537872314453	TCP	1261	40	2	10
0.000489950180054	TCP	668	40	2	34
0.000545024871826	ICMP	720	720	2	12
0.00091290473938	ICMP	590	590	2	18
0.000940084457397	UDP	884	576	2	2
0.000503063201904	TCP	685	40	2	25
0.00053882598877	TCP	142	40	2	14
0.000557899475098	ICMP	239	239	2	47
0.00258207321167	ICMP	671	671	2	2
0.000622987747192	ICMP	628	628	2	19
0.000525951385498	ICMP	52	52	2	24
0.000507831573486	ICMP	35	35	2	30
0.000734090805054	UDP	700	576	2	19
0.000801086425781	ICMP	362	362	2	35
0.000458002090454	TCP	140	40	2	6
0.000623941421509	ICMP	354	354	2	4
0.00060510635376	ICMP	546	546	2	12
0.000800132751465	UDP	489	517	2	18
0.000583171844482	ICMP	164	164	2	25
0.000461101531982	TCP	648	40	2	19
0.000445127487183	TCP	874	40	2	23
0.000560998916626	TCP	549	40	2	20
0.000458955764771	TCP	446	40	2	25
0.000560998916626	TCP	1333	40	2	28
0.000527858734131	TCP	290	40	2	13
0.00047492980957	TCP	941	40	2	22
0.000488996505737	ICMP	720	720	2	16
0.000519037246704	TCP	921	40	2	12
0.00080394744873	TCP	159	40	2	20
0.000560998916626	TCP	620	40	2	18
0.000509023666382	TCP	1332	40	2	13
0.000488996505737	ICMP	160	160	2	21
0.000594139099121	TCP	1158	40	2	7
0.000838041305542	ICMP	633	633	2	21
0.000450134277344	TCP	375	40	2	28
0.000477075576782	ICMP	86	86	2	14
0.00047492980957	TCP	1251	40	2	4
0.000549077987671	TCP	1263	40	2	34
0.000781059265137	UDP	769	576	2	18
0.000513076782227	TCP	896	40	2	8
0.000511884689331	TCP	1262	40	2	12
0.000453948974609	TCP	512	40	2	17
0.000464916229248	TCP	818	40	2	11
0.000672817230225	ICMP	177	177	2	4
0.000756025314331	TCP	531	40	2	6
0.000486135482788	ICMP	510	510	2	6
0.000530958175659	ICMP	384	384	2	21
0.000678062438965	TCP	512	40	2	14
0.000533103942871	TCP	1129	40	2	8
0.000550985336304	ICMP	551	551	2	20
0.000491857528687	ICMP	558	558	2	22
0.000491857528687	ICMP	610	610	2	20
0.000535011291504	TCP	719	40	2	11
0.00102615356445	TCP	971	40	2	15
0.000952959060669	UDP	328	356	2	22
0.000761985778809	UDP	790	576	2	16
0.00052809715271	ICMP	420	420	2	23
0.000615835189819	ICMP	144	144	2	25
0.000615835189819	TCP	1069	40	2	8
0.000726938247681	ICMP	696	696	2	20
0.00108289718628	UDP	119	147	2	18
0.000428915023804	TCP	689	40	2	28
0.000600099563599	ICMP	710	710	2	6
0.000473976135254	TCP	782	40	2	21
0.000538110733032	TCP	1255	40	2	30
0.000857830047607	UDP	766	576	2	12
0.000591993331909	TCP	575	40	2	17
0.000468015670776	TCP	1058	40	2	10
0.000657081604004	ICMP	639	639	2	5
0.000519037246704	TCP	591	40	2	12
0.183830976486	ICMP	425	425	2	30
0.00269794464111	UDP	134	162	2	19
0.000411987304688	TCP	896	40	2	14
0.000833988189697	UDP	136	164	2	4
0.000531196594238	TCP	1333	40	2	2
0.000679969787598	TCP	740	40	2	19
0.00059700012207	ICMP	231	231	2	26
0.000586986541748	ICMP	294	294	2	10
0.00134110450745	TCP	768	40	2	22
0.000834941864014	UDP	385	413	2	20
0.000516891479492	TCP	1156	40	2	37
0.000859022140503	UDP	532	560	2	16
0.000504970550537	TCP	755	40	2	32
0.000468969345093	TCP	505	40	2	32
0.000468015670776	TCP	882	40	2	20
0.000462055206299	TCP	1305	40	2	11
0.000855922698975	UDP	264	292	2	2
0.000509977340698	TCP	912	40	2	20
0.000534057617188	TCP	240	40	2	20
0.00055980682373	TCP	950	40	2	24
0.000420093536377	TCP	183	40	2	23
0.000487089157104	ICMP	83	83	2	37
0.000465869903564	TCP	228	40	2	22
0.000568866729736	TCP	343	40	2	17
0.00061297416687	TCP	56	40	2	41
0.000489950180054	TCP	222	40	2	14
0.00086522102356	UDP	529	557	2	6
0.00144410133362	TCP	675	40	2	45
0.00158905982971	UDP	626	576	2	24
0.000980138778687	UDP	491	519	2	16
0.000581026077271	ICMP	649	649	2	22
0.00114989280701	UDP	757	576	2	18
0.000591993331909	TCP	61	40	2	25
0.00047492980957	ICMP	363	363	2	4
